cut1_idx,cut2_idx
3352,1672
3352,3318
3318,2478
3318,3298
3298,1612
3298,2885
3298,3260
3260,3058
3260,3239
3239,3145
3239,3226
3226,3191
3191,3160
3191,3163
3191,3180
3180,3175
3180,3178
3178,3177
3175,3174
3163,3162
3160,3159
3145,249
3145,3085
3145,3101
3101,3095
3101,3097
3095,3094
3085,3080
3085,3084
3080,3079
3058,2964
3058,3044
3044,147
3044,2984
3044,3000
3000,2994
3000,2996
2994,2993
2984,2979
2984,2983
2979,2978
2964,66
2964,2905
2964,2919
2919,2914
2919,2917
2917,2916
2914,2913
2905,2899
2905,2901
2899,2898
2885,1212
2885,2861
2861,2659
2861,2840
2840,2745
2840,2825
2825,330
2825,2790
2790,2768
2790,2781
2781,2776
2781,2779
2779,2778
2776,2775
2768,2760
2768,2763
2745,249
2745,2710
2710,2686
2710,2701
2701,2697
2701,2699
2699,2698
2686,2681
2686,2685
2681,2680
2659,2564
2659,2644
2644,147
2644,2610
2610,2585
2610,2596
2610,2598
2598,2597
2585,2580
2585,2584
2580,2579
2564,66
2564,2529
2529,2505
2529,2521
2521,2515
2521,2517
2515,2514
2505,2500
2505,2503
2503,2502
2500,2499
2478,2066
2478,2465
2465,791
2465,2441
2441,2239
2441,2420
2420,2325
2420,2405
2405,330
2405,2370
2370,2346
2370,2361
2361,2356
2361,2360
2356,2355
2346,2341
2346,2344
2344,2343
2341,2340
2325,249
2325,2290
2290,2266
2290,2281
2281,2276
2281,2279
2279,2278
2276,2275
2266,2262
2266,2264
2264,2263
2239,2144
2239,2224
2224,147
2224,2189
2189,2165
2189,2181
2181,2175
2181,2177
2175,2174
2165,2160
2165,2163
2163,2162
2160,2159
2144,66
2144,2109
2109,2085
2109,2100
2100,2095
2100,2098
2098,2097
2095,2094
2085,2080
2085,2083
2083,2082
2080,2079
2066,391
2066,2042
2042,1840
2042,2021
2021,1926
2021,2006
2006,330
2006,1971
1971,1947
1971,1962
1962,1957
1962,1960
1960,1959
1957,1956
1947,1942
1947,1946
1942,1941
1926,249
1926,1891
1891,1868
1891,1882
1882,1877
1882,1880
1880,1879
1877,1876
1868,1863
1868,1864
1840,1745
1840,1825
1825,147
1825,1790
1790,1766
1790,1781
1781,1776
1781,1779
1779,1778
1776,1775
1766,1761
1766,1764
1764,1763
1761,1760
1745,66
1745,1711
1711,1686
1711,1696
1711,1700
1696,1695
1686,1681
1686,1684
1684,1683
1681,1680
1672,806
1672,1626
1626,1213
1626,1613
1613,1588
1613,1612
1588,1386
1588,1567
1567,1472
1567,1552
1552,330
1552,1518
1518,1494
1518,1503
1518,1506
1506,1505
1503,1502
1494,1488
1494,1490
1488,1487
1472,249
1472,1437
1437,1413
1437,1428
1428,1423
1428,1426
1426,1425
1423,1422
1413,1408
1413,1412
1408,1407
1386,1292
1386,1371
1371,147
1371,1337
1337,1313
1337,1322
1337,1325
1325,1324
1322,1321
1313,1307
1313,1309
1307,1306
1292,66
1292,1232
1292,1248
1248,1242
1248,1244
1242,1241
1232,1228
1232,1231
1213,1188
1213,1212
1188,986
1188,1167
1167,1072
1167,1153
1153,330
1153,1093
1153,1109
1109,1103
1109,1105
1103,1102
1093,1088
1093,1091
1091,1090
1088,1087
1072,249
1072,1037
1037,1013
1037,1028
1028,1023
1028,1027
1023,1022
1013,1008
1013,1011
1011,1010
1008,1007
986,891
986,971
971,147
971,936
936,912
936,927
927,922
927,925
925,924
922,921
912,907
912,910
910,909
907,906
891,66
891,856
856,833
856,848
848,842
848,844
842,841
833,828
833,829
806,392
806,767
806,791
767,566
767,746
746,651
746,732
732,330
732,672
732,687
687,682
687,685
685,684
682,681
672,667
672,670
670,669
667,666
651,249
651,616
616,593
616,607
607,603
607,605
605,604
593,587
593,589
587,586
566,147
566,470
566,515
515,491
515,506
506,502
506,504
504,503
491,486
491,489
489,488
486,485
470,66
470,435
435,411
435,427
427,421
427,423
421,420
411,406
411,409
409,408
406,405
392,367
392,391
367,164
367,346
346,250
346,331
331,295
331,330
295,271
295,286
286,281
286,284
284,283
281,280
271,266
271,269
269,268
266,265
250,216
250,249
216,186
216,188
216,205
205,200
205,203
203,202
200,199
188,187
164,68
164,112
164,147
112,88
112,103
103,98
103,102
98,97
88,83
88,86
86,85
83,82
68,7
68,22
68,66
22,17
22,20
20,19
17,16
7,2
7,5
5,4
2,1
6710,5030
6710,6701
6701,6677
6677,5838
6677,6656
6656,6244
6656,6643
6643,791
6643,6619
6619,6418
6619,6598
6598,6504
6598,6583
6583,330
6583,6548
6548,6524
6548,6539
6539,6534
6539,6537
6537,6536
6534,6533
6524,6519
6524,6522
6522,6521
6519,6518
6504,249
6504,6444
6504,6459
6459,6454
6459,6458
6454,6453
6444,6440
6444,6442
6442,6441
6418,147
6418,6323
6418,6367
6367,6343
6367,6358
6358,6353
6358,6356
6356,6355
6353,6352
6343,6338
6343,6341
6341,6340
6338,6337
6323,66
6323,6263
6323,6278
6278,6273
6278,6276
6276,6275
6273,6272
6263,6259
6263,6261
6261,6260
6244,1612
6244,6220
6220,6018
6220,6199
6199,6105
6199,6184
6184,330
6184,6150
6150,6125
6150,6135
6150,6138
6138,6137
6135,6134
6125,6120
6125,6123
6123,6122
6120,6119
6105,249
6105,6045
6105,6060
6060,6055
6060,6059
6055,6054
6045,6041
6045,6043
6043,6042
6018,5923
6018,6005
6005,5969
5969,5944
5969,5954
5969,5957
5957,5956
5954,5953
5944,5939
5944,5942
5942,5941
5939,5938
5923,66
5923,5888
5888,5864
5888,5879
5879,5875
5879,5877
5877,5876
5864,5859
5864,5862
5862,5861
5859,5858
5838,391
5838,5425
5838,5801
5801,5599
5801,5685
5801,5764
5764,330
5764,5729
5729,5705
5729,5720
5720,5715
5720,5718
5718,5717
5715,5714
5705,5700
5705,5703
5703,5702
5700,5699
5685,249
5685,5626
5685,5640
5640,5635
5640,5639
5635,5634
5626,5621
5626,5622
5599,147
5599,5503
5599,5549
5549,5524
5549,5534
5549,5537
5537,5536
5534,5533
5524,5519
5524,5522
5522,5521
5519,5518
5503,66
5503,5468
5468,5444
5468,5459
5459,5455
5459,5457
5457,5456
5444,5439
5444,5442
5442,5441
5439,5438
5425,1212
5425,5401
5401,5199
5401,5380
5380,5286
5380,5365
5365,330
5365,5330
5330,5307
5330,5321
5321,5316
5321,5320
5316,5315
5307,5301
5307,5303
5301,5300
5286,249
5286,5226
5286,5241
5241,5236
5241,5239
5239,5238
5236,5235
5226,5221
5226,5224
5224,5223
5221,5220
5199,5104
5199,5184
5184,147
5184,5149
5149,5126
5149,5140
5140,5135
5140,5138
5138,5137
5135,5134
5126,5120
5126,5122
5120,5119
5104,66
5104,5069
5069,5045
5069,5060
5060,5055
5060,5058
5058,5057
5055,5054
5045,5040
5045,5043
5043,5042
5040,5039
5030,5008
5008,3754
5008,4153
5008,4986
4986,1612
4986,4573
4986,4948
4948,4746
4948,4927
4927,4834
4927,4912
4912,330
4912,4878
4878,4853
4878,4863
4878,4867
4863,4862
4853,4848
4853,4851
4851,4850
4848,4847
4834,4797
4797,4773
4797,4788
4788,4783
4788,4786
4786,4785
4783,4782
4773,4768
4773,4771
4771,4770
4768,4767
4746,4651
4746,4731
4731,147
4731,4699
4699,4672
4699,4681
4699,4685
4685,4684
4672,4667
4672,4670
4670,4669
4667,4666
4651,66
4651,4616
4616,4592
4616,4607
4607,4603
4607,4606
4592,4588
4592,4591
4573,1212
4573,4550
4550,4348
4550,4433
4550,4514
4514,330
4514,4454
4514,4469
4469,4464
4469,4467
4467,4466
4464,4463
4454,4449
4454,4453
4449,4448
4433,249
4433,4398
4398,4374
4398,4389
4389,4384
4389,4388
4384,4383
4374,4369
4374,4372
4372,4371
4369,4368
4348,147
4348,4252
4348,4297
4297,4273
4297,4290
4290,4282
4290,4285
4273,4268
4273,4271
4271,4270
4268,4267
4252,66
4252,4217
4217,4193
4217,4208
4208,4203
4208,4206
4206,4205
4203,4202
4193,4188
4193,4191
4191,4190
4188,4187
4153,791
4153,4129
4129,3927
4129,4108
4108,4014
4108,4093
4093,330
4093,4059
4059,4034
4059,4045
4059,4047
4047,4046
4034,4029
4034,4032
4032,4031
4029,4028
4014,249
4014,3954
4014,3970
3970,3964
3970,3966
3964,3963
3954,3949
3954,3952
3952,3951
3949,3948
3927,3833
3927,3912
3912,147
3912,3877
3877,3853
3877,3869
3869,3863
3869,3865
3863,3862
3853,3849
3853,3851
3851,3850
3833,66
3833,3774
3833,3788
3788,3783
3788,3787
3783,3782
3774,3768
3774,3770
3768,3767
3754,391
3754,3731
3731,3529
3731,3614
3731,3695
3695,330
3695,3638
3695,3650
3650,3645
3650,3648
3648,3647
3645,3644
3638,3629
3638,3633
3633,3632
3614,249
3614,3580
3580,3555
3580,3565
3580,3569
3565,3564
3555,3550
3555,3553
3553,3552
3550,3549
3529,147
3529,3433
3529,3478
3478,3454
3478,3469
3469,3464
3469,3467
3467,3466
3464,3463
3454,3449
3454,3452
3452,3451
3449,3448
3433,66
3433,3399
3399,3377
3399,3385
3399,3388
3377,3368
3377,3372
3372,3371
9941,8326
9941,9932
9932,9908
9908,9100
9908,9888
9888,791
9888,9491
9888,9850
9850,9657
9850,9829
9829,9738
9829,9814
9814,330
9814,9780
9780,9758
9780,9766
9780,9768
9768,2358
9766,2355
9758,2162
9758,9753
9753,2159
9738,249
9738,9703
9703,9681
9703,9694
9694,9690
9694,9692
9692,2278
9690,2275
9681,9677
9681,9679
9679,2343
9677,2340
9657,147
9657,9565
9657,9606
9606,9585
9606,9597
9597,9593
9597,9595
9595,2177
9593,2174
9585,2082
9585,9580
9580,2079
9565,66
9565,9531
9531,9509
9531,9517
9531,9519
9519,2097
9517,2094
9509,3082
9509,9504
9504,3079
9491,1612
9491,9467
9467,9273
9467,9446
9446,9355
9446,9431
9431,330
9431,9398
9398,9371
9398,9373
9398,9387
9387,9383
9387,9385
9385,3159
9383,3174
9355,249
9355,9320
9320,9298
9320,9312
9312,3097
9312,9307
9307,3094
9298,9294
9298,9296
9296,3177
9294,3162
9273,9182
9273,9258
9258,147
9258,9224
9224,9201
9224,9210
9224,9212
9212,2898
9210,2901
9201,9197
9201,9199
9199,2993
9197,2996
9182,66
9182,9147
9147,9125
9147,9138
9138,9134
9138,9136
9136,2916
9134,2913
9125,9122
9125,9123
9123,2683
9100,8704
9100,9087
9087,391
9087,9063
9063,8870
9063,9042
9042,8952
9042,9027
9027,330
9027,8992
8992,8971
8992,8983
8983,8979
8983,8982
8979,1956
8971,1763
8971,8966
8966,1760
8952,249
8952,8894
8952,8907
8907,8903
8907,8906
8903,1876
8894,8890
8894,8893
8890,1941
8870,147
8870,8779
8870,8819
8819,8799
8819,8811
8811,1778
8811,8806
8806,1775
8799,1680
8799,1683
8779,66
8779,8721
8779,8734
8734,8730
8734,8733
8730,1695
8721,8717
8721,8719
8719,2263
8717,2260
8704,1212
8704,8681
8681,8486
8681,8569
8681,8645
8645,330
8645,8587
8645,8600
8600,8596
8600,8598
8598,2778
8596,2775
8587,8583
8587,8585
8585,2582
8583,2579
8569,249
8569,8511
8569,8524
8524,8520
8524,8523
8520,2695
8511,8507
8511,8509
8509,2763
8507,2760
8486,8396
8486,8471
8471,147
8471,8436
8436,8414
8436,8427
8427,8423
8427,8425
8425,2597
8423,2594
8414,8410
8414,8412
8412,2502
8410,2499
8396,66
8396,8339
8396,8351
8351,8347
8351,8349
8349,2517
8347,2514
8339,187
8339,8334
8334,184
8326,7493
8326,8280
8280,7884
8280,8268
8268,1612
8268,8049
8268,8222
8222,8131
8222,8207
8207,330
8207,8172
8172,8152
8172,8163
8163,8159
8163,8161
8161,1505
8159,1502
8152,1306
8152,1309
8131,249
8131,8097
8097,8075
8097,8083
8097,8085
8085,1425
8083,1422
8075,1490
8075,8070
8070,1487
8049,7958
8049,8034
8034,147
8034,7999
7999,7978
7999,7990
7990,7987
7990,7988
7988,1324
7978,1229
7978,7973
7973,1226
7958,66
7958,7923
7923,7901
7923,7914
7914,7910
7914,7912
7912,1244
7910,1241
7901,7897
7901,7899
7899,1010
7897,1007
7884,1212
7884,7861
7861,7667
7861,7748
7861,7825
7825,330
7825,7767
7825,7780
7780,7776
7780,7778
7778,1105
7776,1102
7767,7763
7767,7766
7763,906
7748,249
7748,7714
7714,7691
7714,7700
7714,7702
7702,1025
7700,1022
7691,7687
7691,7689
7689,1090
7687,1087
7667,147
7667,7575
7667,7616
7616,7594
7616,7607
7607,7603
7607,7605
7605,924
7603,921
7594,7590
7594,7592
7592,829
7590,826
7575,66
7575,7540
7540,7519
7540,7531
7531,7527
7531,7529
7529,844
7527,841
7519,1864
7519,7514
7514,1861
7493,7097
7493,7480
7480,791
7480,7456
7456,7262
7456,7436
7436,330
7436,7346
7436,7385
7385,7364
7385,7377
7377,684
7377,7372
7372,681
7364,488
7364,7359
7359,485
7346,7309
7309,7287
7309,7300
7300,7296
7300,7298
7298,604
7296,601
7287,7283
7287,7285
7285,669
7283,666
7262,7171
7262,7247
7247,147
7247,7212
7212,7191
7212,7203
7203,7199
7203,7201
7201,503
7199,500
7191,408
7191,7186
7186,405
7171,66
7171,7136
7136,7114
7136,7127
7127,7123
7127,7125
7125,423
7123,420
7114,7110
7114,7113
7110,1407
7097,391
7097,7073
7073,6879
7073,7052
7052,6961
7052,7037
7037,330
7037,7002
7002,6980
7002,6993
6993,6989
6993,6991
6991,283
6989,280
6980,6976
6980,6978
6978,85
6976,82
6961,249
6961,6927
6927,6905
6927,6913
6927,6915
6915,202
6913,199
6905,268
6905,6901
6879,6789
6879,6864
6864,147
6864,6829
6829,6807
6829,6821
6821,100
6821,6816
6816,97
6807,6803
6807,6805
6805,4
6803,1
6789,66
6789,6731
6789,6744
6744,6740
6744,6742
6742,19
6740,16
6731,6727
6731,6729
6729,589
6727,586
13172,11556
13172,13164
13164,12331
13164,13118
13118,12722
13118,13105
13105,791
13105,13081
13081,12888
13081,13060
13060,12969
13060,13046
13046,330
13046,12988
13046,13001
13001,12997
13001,12999
12999,6355
12997,6533
12988,12984
12988,12986
12986,6340
12984,6518
12969,249
12969,12934
12934,12912
12934,12925
12925,12921
12925,12923
12923,6536
12921,6453
12912,12908
12912,12910
12910,6521
12908,6438
12888,147
12888,12797
12888,12838
12838,12815
12838,12825
12838,12826
12826,6275
12815,12811
12815,12814
12811,6337
12797,66
12797,12740
12797,12754
12754,6057
12754,6272
12740,6042
12740,12735
12735,6257
12722,391
12722,12698
12698,12504
12698,12679
12679,249
12679,12551
12679,12662
12662,330
12662,12627
12627,12605
12627,12618
12618,12615
12618,12617
12605,12601
12605,12603
12603,5521
12601,5699
12551,12529
12551,12543
12543,5717
12543,12538
12538,5634
12529,12525
12529,12528
12525,5619
12504,12413
12504,12489
12489,147
12489,12455
12455,12433
12455,12441
12455,12444
12441,5533
12433,5441
12433,12429
12413,66
12413,12378
12378,12356
12378,12369
12369,12365
12369,12367
12367,6456
12365,5453
12356,12352
12356,12354
12354,6441
12352,5438
12331,11936
12331,12319
12319,1612
12319,12102
12319,12273
12273,12183
12273,12260
12260,12223
12223,12201
12223,12214
12214,12211
12214,12212
12212,5941
12201,12197
12201,12199
12199,5938
12197,6119
12183,249
12183,12125
12183,12138
12138,12134
12138,12136
12136,6134
12134,6054
12125,12121
12125,12123
12123,6137
12121,6039
12102,66
12102,11974
12102,12086
12086,147
12086,12028
12086,12041
12041,12037
12041,12039
12039,5861
12037,5876
12028,12024
12028,12026
12026,5953
12024,5956
11974,11952
11974,11966
11966,5238
11966,11961
11961,5873
11952,11948
11952,11951
11948,5858
11936,1212
11936,11717
11936,11890
11890,11799
11890,11875
11875,330
11875,11841
11841,11818
11841,11827
11841,11829
11829,5137
11827,5315
11818,11814
11818,11816
11816,5122
11814,5300
11799,249
11799,11764
11764,11742
11764,11755
11755,11751
11755,11754
11751,5235
11742,11738
11742,11740
11740,5303
11738,5220
11717,11626
11717,11702
11702,147
11702,11667
11667,11645
11667,11659
11659,5057
11659,11654
11654,5134
11645,11642
11645,11643
11643,5042
11626,66
11626,11592
11592,11569
11592,11578
11592,11581
11578,5054
11569,11565
11569,11567
11567,3552
11565,5039
11556,11532
11532,10724
11532,11512
11512,391
11512,11117
11512,11474
11474,11280
11474,11453
11453,11362
11453,11438
11438,330
11438,11403
11403,11381
11403,11394
11394,11390
11394,11393
11390,3644
11381,11377
11381,11380
11377,3629
11362,249
11362,11327
11327,11305
11327,11318
11318,11314
11318,11317
11314,3564
11305,11302
11305,11303
11303,3632
11280,11189
11280,11265
11265,147
11265,11231
11231,11208
11231,11217
11231,11220
11217,3463
11208,11204
11208,11206
11206,3371
11204,3448
11189,66
11189,11155
11155,11132
11155,11141
11155,11143
11143,3966
11141,3383
11132,11128
11132,11130
11130,3951
11128,3368
11117,11091
11091,10897
11091,11070
11070,10979
11070,11055
11055,330
11055,11020
11020,10998
11020,11013
11013,4285
11013,4463
10998,10994
10998,10996
10996,4270
10994,4448
10979,249
10979,10945
10945,10922
10945,10931
10945,10933
10933,4466
10931,4383
10922,10918
10922,10920
10920,4451
10918,4368
10897,10806
10897,10882
10882,147
10882,10847
10847,10825
10847,10838
10838,10834
10838,10837
10834,4282
10825,10821
10825,10824
10821,4267
10806,66
10806,10771
10771,10749
10771,10763
10763,5637
10763,10758
10758,4202
10749,10745
10749,10747
10747,5622
10745,4187
10724,10328
10724,10711
10711,791
10711,10689
10689,10402
10689,10478
10689,10666
10666,10576
10666,10651
10651,330
10651,10616
10616,10594
10616,10607
10607,10604
10607,10606
10594,10591
10594,10592
10592,3850
10576,249
10576,10518
10576,10531
10531,10527
10531,10529
10529,4046
10527,3963
10518,10515
10518,10517
10478,147
10478,10443
10443,10421
10443,10435
10435,3785
10435,10430
10430,3862
10421,10418
10421,10420
10402,66
10402,10367
10367,10345
10367,10358
10358,10354
10358,10356
10356,4785
10354,3782
10345,10341
10345,10343
10343,4770
10341,3767
10328,1612
10328,10304
10304,10111
10304,10283
10283,10192
10283,10269
10269,330
10269,10211
10269,10226
10226,4684
10226,4862
10211,10208
10211,10209
10209,4669
10192,249
10192,10157
10157,10135
10157,10148
10148,10144
10148,10147
10144,4782
10135,10131
10135,10133
10133,4850
10131,4767
10111,147
10111,10019
10111,10061
10061,10038
10061,10047
10061,10049
10049,4604
10047,4681
10038,10034
10038,10036
10036,4589
10034,4666
10019,66
10019,9984
9984,9963
9984,9975
9975,9971
9975,9973
9973,4386
9971,4601
9963,4371
9963,9959
14451,13811
14451,14442
14442,14418
14418,14098
14418,14397
14397,14245
14397,14385
14385,391
14385,14289
14385,14339
14339,14310
14339,14324
14324,330
14324,1790
14310,249
14310,1947
14310,1962
14289,147
14289,1711
14289,14258
14258,66
14258,2290
14245,791
14245,14221
14221,14149
14221,14200
14200,14170
14200,14185
14185,330
14185,2189
14170,249
14170,2370
14149,14120
14149,14134
14134,147
14134,2109
14120,66
14120,3085
14120,3101
14098,13946
14098,14086
14086,1212
14086,13989
14086,14040
14040,14010
14040,14025
14025,330
14025,2610
14010,249
14010,2790
13989,13960
13989,13975
13975,147
13975,2505
13975,2521
13960,66
13960,190
13960,205
190,186
190,188
13946,1612
13946,13922
13922,13850
13922,13901
13901,13871
13901,13886
13886,330
13886,3008
3008,2984
3008,3000
13871,249
13871,3191
13850,13820
13850,13835
13835,147
13835,2928
2928,2905
2928,2919
13820,66
13820,2710
13811,13787
13787,13467
13787,13766
13766,13614
13766,13753
13753,1612
13753,13730
13730,13659
13730,13678
13730,13693
13693,330
13693,1337
13678,249
13678,1518
13659,66
13659,1037
13659,13642
13642,147
13642,1256
1256,1232
1256,1248
13614,1212
13614,13590
13590,13518
13590,13569
13569,13539
13569,13554
13554,330
13554,936
13539,249
13539,1117
1117,1093
1117,1109
13518,13488
13518,13503
13503,147
13503,856
13488,66
13488,1891
13467,13315
13467,13454
13454,791
13454,13430
13430,13358
13430,13409
13409,13379
13409,13394
13394,330
13394,515
13379,249
13379,696
696,672
696,687
13358,13328
13358,13344
13344,147
13344,411
13344,427
13328,66
13328,1437
13315,391
13315,13292
13292,13220
13292,13240
13292,13255
13255,112
13255,330
13240,249
13240,295
13220,31
13220,147
13220,13189
13189,66
13189,616
31,7
31,22
15730,15091
15730,15721
15721,15699
15699,15226
15699,15364
15699,15676
15676,15525
15676,15663
15663,391
15663,15639
15639,15568
15639,15619
15619,330
15619,5549
15619,15588
15588,249
15588,5729
15568,147
15568,5468
15568,15537
15537,66
15537,6468
6468,6444
6468,6459
15525,791
15525,15428
15525,15479
15479,15449
15479,15464
15464,330
15464,6367
15449,249
15449,6548
15428,15398
15428,15413
15413,147
15413,6287
6287,6263
6287,6278
15398,66
15398,6069
6069,6045
6069,6060
15364,1212
15364,15340
15340,15268
15340,15319
15319,15289
15319,15304
15304,330
15304,5149
15289,249
15289,5330
15268,15238
15268,15254
15254,147
15254,5045
15254,5060
15238,66
15238,3580
15226,1612
15226,15129
15226,15181
15181,330
15181,5969
15181,15151
15151,249
15151,6125
15151,6142
6142,6134
6142,6137
15129,15099
15129,15114
15114,147
15114,5888
15099,66
15099,5250
5250,5226
5250,5241
15091,14746
15091,15046
15046,1612
15046,14893
15046,15009
15009,14936
15009,14957
15009,14972
14972,330
14972,4699
14957,249
14957,4878
14936,14906
14936,14921
14921,147
14921,4616
14906,66
14906,4398
14893,1212
14893,14869
14869,14797
14869,14848
14848,14818
14848,14833
14833,330
14833,4297
14818,249
14818,4479
4479,4454
4479,4464
4479,4467
14797,14767
14797,14783
14783,147
14783,4193
14783,4208
14767,66
14767,5651
5651,5621
5651,5623
5651,5640
5623,5622
14746,14594
14746,14733
14733,791
14733,14709
14709,14638
14709,14688
14688,14658
14688,14674
14674,330
14674,3853
14674,3869
14658,249
14658,4059
14638,147
14638,3797
14638,14607
14607,66
14607,4797
3797,3774
3797,3788
14594,391
14594,14571
14571,14498
14571,14519
14571,14534
14534,330
14534,3478
14519,249
14519,3659
3659,3638
3659,3650
14498,14468
14498,14484
14484,147
14484,3377
14484,3389
3389,3385
3389,3388
14468,66
14468,3978
3978,3954
3978,3970
17011,16346
17011,16976
16976,16656
16976,16955
16955,16803
16955,16942
16942,391
16942,16919
16919,16846
16919,16867
16919,16882
16882,330
16882,8819
16867,249
16867,8992
16846,16816
16846,16831
16831,147
16831,8745
8745,8717
8745,8719
8745,8734
16816,66
16816,9703
16803,791
16803,16779
16779,16707
16779,16760
16760,249
16760,9780
16760,16743
16743,330
16743,9606
16707,16677
16707,16692
16692,147
16692,9531
16677,66
16677,9320
16656,16504
16656,16643
16643,1212
16643,16619
16619,16547
16619,16598
16598,16569
16598,16584
16584,330
16584,8414
16584,8427
16569,249
16569,8587
16569,8600
16547,16517
16547,16532
16532,147
16532,8360
8360,8339
8360,8351
16517,66
16517,6927
16504,1612
16504,16481
16481,16408
16481,16429
16481,16444
16444,330
16444,9224
16429,249
16429,9398
16408,16378
16408,16394
16394,147
16394,9125
16394,9138
16378,66
16378,8533
8533,8511
8533,8524
16346,16025
16346,16172
16346,16312
16312,1612
16312,16215
16312,16266
16266,16236
16266,16251
16251,330
16251,7999
16236,249
16236,8172
16215,16185
16215,16200
16200,147
16200,7923
16185,66
16185,7714
16172,1212
16172,16148
16148,16076
16148,16127
16127,16097
16127,16113
16113,330
16113,7594
16113,7607
16097,249
16097,7789
7789,7767
7789,7780
16076,16046
16076,16061
16061,147
16061,7540
16046,66
16046,8916
8916,8894
8916,8907
16025,15873
16025,16012
16012,791
16012,15988
15988,15916
15988,15967
15967,15937
15967,15952
15952,330
15952,7212
15937,249
15937,7385
15916,15886
15916,15903
15903,7136
15886,66
15886,8097
15873,391
15873,15849
15849,15777
15849,15828
15828,15798
15828,15813
15813,330
15813,6829
15798,249
15798,7002
15777,15747
15777,15762
15762,147
15762,6754
6754,6731
6754,6740
6754,6742
15747,66
15747,7309
18288,17648
18288,18279
18279,18255
18255,17935
18255,18234
18234,18082
18234,18222
18222,391
18222,18127
18222,18177
18177,330
18177,12455
18177,18146
18146,249
18146,12627
18127,66
18127,12934
18127,18110
18110,147
18110,12378
18082,791
18082,18058
18058,17987
18058,18037
18037,18007
18037,18023
18023,330
18023,12815
18023,12828
12828,12825
12828,12826
18007,249
18007,13010
13010,12988
13010,13001
17987,147
17987,12761
17987,17957
17957,66
17957,12125
17957,12138
12761,12740
12761,12754
17935,17783
17935,17922
17922,1212
17922,17899
17899,17826
17899,17847
17899,17862
17862,330
17862,11667
17847,249
17847,11841
17826,17796
17826,17811
17811,147
17811,11592
17796,66
17796,11327
17783,1612
17783,17759
17759,17688
17759,17739
17739,66
17739,11764
17739,17708
17708,249
17708,12223
17688,330
17688,12050
17688,17657
17657,147
17657,11974
12050,12028
12050,12041
17648,17624
17624,17305
17624,17603
17603,17451
17603,17590
17590,1612
17590,17566
17566,17494
17566,17545
17545,17516
17545,17531
17531,330
17531,10038
17531,10051
10051,10047
10051,10049
17516,249
17516,10211
17516,10226
17494,17465
17494,17480
17480,147
17480,9963
17480,9975
17465,66
17465,10922
17465,10935
10935,10931
10935,10933
17451,1212
17451,17427
17427,17355
17427,17407
17407,330
17407,10847
17407,17376
17376,249
17376,11020
17355,17325
17355,17341
17341,147
17341,10749
17341,10763
17325,66
17325,12551
17305,791
17305,17152
17305,17267
17267,17196
17267,17246
17246,17217
17246,17232
17232,330
17232,10421
17232,10435
17217,249
17217,10594
17217,10607
17196,147
17196,10367
17196,17166
17166,66
17166,10135
17166,10148
17152,391
17152,17128
17128,17056
17128,17107
17107,17077
17107,17092
17092,330
17092,11231
17077,249
17077,11403
17056,17026
17056,17041
17041,147
17041,11155
17026,66
17026,10540
10540,10518
10540,10531
19568,18928
19568,19534
19534,19214
19534,19513
19513,19361
19513,19500
19500,391
19500,19476
19476,19404
19476,19455
19455,19425
19455,19440
19440,330
19440,1711
19425,249
19425,1790
19404,19374
19404,19389
19389,147
19389,2290
19374,66
19374,2370
19361,791
19361,19337
19337,19266
19337,19316
19316,19286
19316,19301
19301,330
19301,2109
19286,249
19286,2189
19266,147
19266,3111
19266,19235
19235,66
19235,3191
3111,3080
3111,3084
3111,3101
19214,19063
19214,19201
19201,1212
19201,19178
19178,19105
19178,19128
19178,19142
19142,330
19142,2505
19142,2521
19128,2610
19105,19075
19105,19090
19090,147
19090,216
19075,66
19075,295
19063,1612
19063,18966
19063,19017
19017,18987
19017,19003
19003,330
19003,2905
19003,2919
18987,249
18987,3008
18966,18936
18966,18951
18951,147
18951,2710
18936,66
18936,2790
18928,18583
18928,18882
18882,18731
18882,18869
18869,1612
18869,18845
18845,18773
18845,18824
18824,18794
18824,18810
18810,330
18810,1232
18810,1248
18794,249
18794,1337
18773,18743
18773,18758
18758,147
18758,1037
18743,66
18743,1117
18731,1212
18731,18635
18731,18685
18685,18655
18685,18670
18670,330
18670,856
18655,249
18655,936
18635,147
18635,1891
18635,18604
18604,66
18604,1971
18583,18431
18583,18570
18570,791
18570,18546
18546,18475
18546,18526
18526,330
18526,435
18526,18495
18495,249
18495,515
18475,147
18475,1437
18475,18444
18444,66
18444,1518
18431,391
18431,18407
18407,18335
18407,18386
18386,18356
18386,18371
18371,31
18371,330
18356,112
18356,249
18335,18305
18335,18321
18321,147
18321,593
18321,607
18305,66
18305,696
20846,20206
20846,20837
20837,20813
20813,20493
20813,20792
20792,20640
20792,20780
20780,391
20780,20684
20780,20735
20735,330
20735,5468
20735,20704
20704,249
20704,5549
20684,147
20684,6468
20684,20653
20653,66
20653,6548
20640,791
20640,20617
20617,20544
20617,20565
20617,20580
20580,330
20580,6287
20565,249
20565,6367
20544,20514
20544,20529
20529,147
20529,6069
20514,66
20514,6150
20493,20341
20493,20480
20480,1212
20480,20456
20456,20384
20456,20435
20435,20405
20435,20421
20421,330
20421,5045
20421,5060
20405,249
20405,5149
20384,20354
20384,20369
20369,147
20369,3580
20354,66
20354,3659
20341,1612
20341,20317
20317,20246
20317,20297
20297,330
20297,5888
20297,20267
20267,249
20267,5944
20267,5959
5959,5954
5959,5957
20246,147
20246,5250
20246,20215
20215,66
20215,5330
20206,20184
20184,19713
20184,19849
20184,20162
20162,1612
20162,20009
20162,20124
20124,20052
20124,20105
20105,249
20105,4699
20105,20088
20088,330
20088,4616
20052,20022
20052,20037
20037,147
20037,4398
20022,66
20022,4479
20009,1212
20009,19985
19985,19913
19985,19964
19964,19934
19964,19949
19949,330
19949,4217
19934,249
19934,4297
19913,19884
19913,19899
19899,147
19899,5626
19899,5640
19884,66
19884,5705
19884,5720
19849,791
19849,19826
19826,19754
19826,19774
19826,19790
19790,330
19790,3774
19790,3788
19774,249
19774,3877
19754,147
19754,4797
19754,19723
19723,66
19723,4878
19713,391
19713,19584
19713,19599
19713,19665
19665,19635
19665,19650
19650,330
19650,3399
19635,249
19635,3478
19599,147
19599,3978
19584,66
19584,4059
22125,21485
22125,22116
22116,22093
22093,21772
22093,21919
22093,22058
22058,391
22058,22035
22035,21962
22035,21983
22035,21998
21998,330
21998,8745
21983,249
21983,8819
21962,21932
21962,21947
21947,147
21947,9703
21932,66
21932,9780
21919,791
21919,21895
21895,21823
21895,21874
21874,21845
21874,21859
21859,330
21859,9531
21845,249
21845,9585
21845,9597
21823,21793
21823,21808
21808,147
21808,9320
21793,66
21793,9398
21772,21620
21772,21759
21759,1212
21759,21735
21735,21663
21735,21714
21714,21684
21714,21699
21699,330
21699,8360
21684,249
21684,8436
21663,21635
21663,21648
21648,147
21648,6927
21635,7002
21620,1612
21620,21597
21597,21524
21597,21545
21597,21561
21561,330
21561,9125
21561,9138
21545,249
21545,9224
21524,21495
21524,21509
21509,147
21509,8533
21495,66
21495,8587
21495,8600
21485,21462
21462,21141
21462,21288
21462,21427
21427,1612
21427,21403
21403,21331
21403,21382
21382,21352
21382,21367
21367,330
21367,7923
21352,249
21352,7999
21331,21301
21331,21316
21316,147
21316,7714
21301,66
21301,7789
21288,1212
21288,21264
21264,21192
21264,21243
21243,21213
21243,21228
21228,330
21228,7540
21213,249
21213,7616
21192,21162
21192,21177
21177,147
21177,8916
21162,66
21162,8992
21141,20989
21141,21128
21128,791
21128,21106
21106,21003
21106,21017
21106,21083
21083,21053
21083,21069
21069,330
21069,7114
21069,7127
21053,249
21053,7212
21017,147
21017,8097
21003,66
21003,8152
21003,8163
20989,391
20989,20965
20965,20894
20965,20944
20944,20914
20944,20929
20929,330
20929,6754
20914,249
20914,6829
20894,147
20894,7309
20894,20863
20863,66
20863,7385
23404,22764
23404,23395
23395,23371
23371,23051
23371,23350
23350,23198
23350,23337
23337,391
23337,23313
23313,23241
23313,23292
23292,23262
23292,23277
23277,330
23277,12378
23262,249
23262,12455
23241,23211
23241,23226
23226,147
23226,12934
23211,66
23211,13010
23198,791
23198,23175
23175,23102
23175,23123
23175,23138
23138,330
23138,12761
23123,249
23123,12838
23102,23072
23102,23088
23088,147
23088,12125
23088,12138
23072,66
23072,12223
23051,22900
23051,23038
23038,1212
23038,23014
23014,22942
23014,22993
22993,22963
22993,22978
22978,330
22978,11592
22963,249
22963,11667
22942,22912
22942,22927
22927,147
22927,11327
22912,66
22912,11403
22900,1612
22900,22803
22900,22854
22854,22824
22854,22839
22839,147
22839,11764
22824,249
22824,12050
22803,22773
22803,22788
22788,330
22788,11974
22773,66
22773,11841
22764,22740
22740,22421
22740,22720
22720,1612
22720,22567
22720,22682
22682,22610
22682,22661
22661,22631
22661,22646
22646,330
22646,9984
22631,249
22631,10061
22610,22580
22610,22596
22596,147
22596,10922
22596,10935
22580,66
22580,11020
22567,1212
22567,22543
22543,22471
22543,22525
22525,10771
22525,22492
22492,249
22492,10847
22471,22441
22471,22456
22456,147
22456,12551
22441,66
22441,12627
22421,791
22421,22268
22421,22383
22383,22311
22383,22363
22363,330
22363,10367
22363,22332
22332,249
22332,10443
22311,22282
22311,22296
22296,147
22296,10157
22282,66
22282,10211
22282,10226
22268,391
22268,22244
22244,22172
22244,22223
22223,22193
22223,22209
22209,330
22209,11132
22209,11145
11145,11141
11145,11143
22193,249
22193,11231
22172,22142
22172,22157
22157,147
22157,10540
22142,66
22142,10616
24683,24043
24683,24674
24674,24650
24650,24330
24650,24629
24629,24477
24629,24616
24616,391
24616,24592
24592,24520
24592,24572
24572,330
24572,2290
24572,24541
24541,249
24541,1711
24520,24492
24520,24506
24506,147
24506,2346
24506,2361
24492,2189
24477,791
24477,24453
24453,24381
24453,24432
24432,24402
24432,24418
24418,330
24418,3085
24418,3101
24402,249
24402,2109
24381,24352
24381,24366
24366,147
24366,3191
24352,66
24352,2984
24352,3000
24330,24178
24330,24317
24317,1212
24317,24294
24294,24222
24294,24242
24294,24257
24257,216
24257,330
24242,249
24242,2529
24222,147
24222,295
24222,24192
24192,66
24192,88
24192,103
24178,1612
24178,24154
24154,24082
24154,24133
24133,24103
24133,24118
24118,330
24118,2710
24103,249
24103,2928
24082,24052
24082,24067
24067,147
24067,2790
24052,66
24052,2610
24043,24019
24019,23699
24019,23998
23998,23846
23998,23985
23985,1612
23985,23961
23961,23889
23961,23940
23940,23910
23940,23926
23926,330
23926,1013
23926,1028
23910,249
23910,1256
23889,23859
23889,23875
23875,147
23875,1093
23875,1109
23859,66
23859,936
23846,1212
23846,23822
23822,23751
23822,23801
23801,23773
23801,23786
23786,330
23786,1891
23773,856
23751,147
23751,1971
23751,23720
23720,66
23720,1790
23699,23547
23699,23686
23686,791
23686,23662
23662,23590
23662,23641
23641,23611
23641,23626
23626,330
23626,1437
23611,249
23611,435
23590,23560
23590,23575
23575,147
23575,1518
23560,66
23560,1337
23547,391
23547,23524
23524,23451
23524,23472
23524,23487
23487,330
23487,616
23472,31
23472,249
23451,23421
23451,23436
23436,147
23436,696
23421,66
23421,515
25962,25322
25962,25953
25953,25930
25930,25609
25930,25756
25930,25895
25895,391
25895,25871
25871,25799
25871,25850
25850,25820
25850,25835
25835,330
25835,6468
25820,249
25820,5468
25799,25769
25799,25784
25784,147
25784,6548
25769,66
25769,6367
25756,791
25756,25733
25733,25660
25733,25681
25733,25697
25697,330
25697,6045
25697,6060
25681,249
25681,6287
25660,25630
25660,25645
25645,147
25645,6150
25630,66
25630,5969
25609,25457
25609,25596
25596,1212
25596,25572
25572,25500
25572,25551
25551,25521
25551,25537
25537,330
25537,3555
25537,3570
3570,3565
3570,3569
25521,249
25521,5069
25500,25470
25500,25485
25485,147
25485,3659
25470,66
25470,3478
25457,1612
25457,25433
25433,25362
25433,25412
25412,25382
25412,25397
25397,330
25397,5250
25382,249
25382,5888
25362,147
25362,5330
25362,25331
25331,66
25331,5149
25322,25298
25298,24978
25298,25277
25277,25125
25277,25265
25265,1612
25265,25168
25265,25219
25219,25189
25219,25204
25204,330
25204,4398
25189,249
25189,4616
25168,25138
25168,25153
25153,147
25153,4479
25138,66
25138,4297
25125,1212
25125,25101
25101,25029
25101,25080
25080,25050
25080,25065
25065,330
25065,5651
25050,249
25050,4217
25029,24999
25029,25014
25014,147
25014,5729
24999,66
24999,5549
24978,24826
24978,24965
24965,791
24965,24941
24941,24869
24941,24922
24922,249
24922,3797
24922,24905
24905,330
24905,4797
24869,24839
24869,24855
24855,147
24855,4853
24855,4869
4869,4863
4869,4865
24839,66
24839,4699
24826,391
24826,24802
24802,24730
24802,24782
24782,330
24782,3978
24782,24751
24751,249
24751,3399
24730,24700
24730,24715
24715,147
24715,4059
24700,66
24700,3877
27241,26601
27241,27233
27233,26888
27233,27187
27187,27035
27187,27174
27174,391
27174,27150
27150,27078
27150,27129
27129,27099
27129,27115
27115,330
27115,9681
27115,9694
27099,249
27099,8745
27078,27048
27078,27063
27063,147
27063,9780
27048,66
27048,9606
27035,791
27035,27011
27011,26939
27011,26990
26990,26960
26990,26975
26975,330
26975,9320
26960,249
26960,9531
26939,26909
26939,26924
26924,147
26924,9398
26909,66
26909,9224
26888,26737
26888,26875
26875,1212
26875,26853
26853,26750
26853,26764
26853,26830
26830,26801
26830,26815
26815,330
26815,6927
26801,249
26801,8339
26801,8351
26764,147
26764,7002
26750,66
26750,6807
26750,6821
26737,1612
26737,26640
26737,26692
26692,330
26692,8533
26692,26661
26661,249
26661,9147
26640,26610
26640,26625
26625,147
26625,8610
8610,8587
8610,8596
8610,8598
26610,66
26610,8436
26601,26577
26577,26257
26577,26556
26556,26405
26556,26544
26544,1612
26544,26447
26544,26499
26499,330
26499,7714
26499,26468
26468,249
26468,7923
26447,26417
26447,26432
26432,147
26432,7789
26417,66
26417,7616
26405,1212
26405,26308
26405,26359
26359,26330
26359,26344
26344,330
26344,8916
26330,249
26330,7519
26330,7531
26308,26279
26308,26293
26293,147
26293,8992
26279,66
26279,8799
26279,8811
26257,26105
26257,26245
26245,791
26245,26149
26245,26199
26199,26169
26199,26184
26184,330
26184,8097
26169,249
26169,7136
26149,147
26149,8172
26149,26118
26118,66
26118,7999
26105,391
26105,26081
26081,26010
26081,26060
26060,26030
26060,26045
26045,330
26045,7309
26030,249
26030,6754
26010,147
26010,7385
26010,25979
25979,66
25979,7212
28520,27880
28520,28511
28511,28487
28487,28168
28487,28466
28466,28315
28466,28453
28453,391
28453,28429
28429,28357
28429,28409
28409,330
28409,12934
28409,28378
28378,249
28378,12378
28357,28327
28357,28342
28342,147
28342,13010
28327,66
28327,12838
28315,791
28315,28219
28315,28269
28269,28240
28269,28254
28254,330
28254,12147
12147,12125
12147,12138
28240,249
28240,12740
28240,12754
28219,147
28219,12223
28219,28188
28188,66
28188,12050
28168,1212
28168,28016
28168,28131
28131,28058
28131,28079
28131,28094
28094,330
28094,11327
28079,249
28079,11592
28058,28028
28058,28043
28043,147
28043,11403
28028,66
28028,11231
28016,1612
28016,27919
28016,27971
27971,330
27971,11764
27971,27940
27940,249
27940,11974
27919,27889
27919,27904
27904,147
27904,11841
27889,66
27889,11667
27880,27856
27856,27536
27856,27835
27835,27683
27835,27822
27822,1612
27822,27799
27799,27726
27799,27747
27799,27762
27762,330
27762,10945
27747,249
27747,9984
27726,27696
27726,27711
27711,147
27711,11020
27696,66
27696,10847
27683,1212
27683,27659
27659,27587
27659,27639
27639,330
27639,12551
27639,27608
27608,249
27608,10771
27587,27557
27587,27572
27572,147
27572,12627
27557,66
27557,12455
27536,27384
27536,27524
27524,791
27524,27427
27524,27478
27478,27448
27478,27463
27463,330
27463,10157
27448,249
27448,10367
27427,27397
27427,27412
27412,147
27412,10233
10233,10211
10233,10226
27397,66
27397,10061
27384,391
27384,27360
27360,27289
27360,27339
27339,27309
27339,27324
27324,330
27324,10540
27309,249
27309,11155
27289,147
27289,10616
27289,27258
27258,66
27258,10443
28791,28655
28791,28783
28783,28690
28783,28737
28737,28712
28737,28724
28724,791
28724,3260
28712,1612
28712,2659
28712,2840
28690,28664
28690,28678
28678,391
28678,2239
28678,2420
28664,367
28664,1212
28655,28631
28631,28563
28631,28610
28610,28584
28610,28599
28599,1188
28584,1212
28584,2042
28563,28537
28563,28550
28550,791
28550,1588
28537,391
28537,767
29062,28926
29062,29053
29053,29030
29030,28961
29030,28982
29030,28995
28995,391
28995,6619
28982,791
28982,6220
28961,28935
28961,28949
28949,1212
28949,3529
28949,3709
3709,3614
3709,3695
28935,1612
28935,5401
28926,28902
28902,28834
28902,28881
28881,28855
28881,28868
28868,1612
28868,4550
28855,1212
28855,5801
28834,28808
28834,28821
28821,791
28821,4948
28808,391
28808,4129
29333,29198
29333,29325
29325,29233
29325,29279
29279,29253
29279,29266
29266,391
29266,9850
29253,791
29253,9467
29233,1212
29233,7073
29233,29206
29206,1612
29206,8681
29198,29105
29198,29153
29153,1612
29153,7861
29153,29126
29126,1212
29126,9063
29105,29080
29105,29092
29092,791
29092,8243
8243,8049
8243,8222
29080,391
29080,7262
29080,7436
29604,29468
29604,29595
29595,29571
29571,29503
29571,29550
29550,29524
29550,29537
29537,791
29537,12294
12294,12102
12294,12273
29524,391
29524,13081
29503,29477
29503,29490
29490,1212
29490,11474
29477,1612
29477,11913
11913,11626
11913,11702
11913,11890
29468,29444
29444,29377
29444,29423
29423,29397
29423,29410
29410,1212
29410,12698
29397,1612
29397,11091
29377,391
29377,10689
29377,29350
29350,791
29350,10304
29876,29740
29876,29842
29842,29774
29842,29822
29822,1612
29822,14062
29822,29795
29795,391
29795,14221
14062,13989
14062,14010
14062,14025
29774,29748
29774,29761
29761,791
29761,13922
29748,1212
29748,13292
29740,29647
29740,29694
29694,29668
29694,29682
29682,1612
29682,13518
29682,13569
29668,1212
29668,14360
14360,14289
14360,14339
29647,29622
29647,29634
29634,791
29634,13730
29622,391
29622,13358
29622,13409
30147,30010
30147,30113
30113,30045
30113,30092
30092,30066
30092,30079
30079,1612
30079,15340
30066,391
30066,15500
15500,15428
15500,15479
30045,30019
30045,30032
30032,791
30032,15201
15201,15129
15201,15181
30019,1212
30019,14571
30010,29987
29987,29918
29987,29939
29987,29952
29952,1612
29952,14869
29939,1212
29939,15639
29918,29892
29918,29905
29905,791
29905,15009
29892,391
29892,14709
30417,30281
30417,30408
30408,30385
30385,30316
30385,30337
30385,30351
30351,1612
30351,16547
30351,16598
30337,391
30337,16779
30316,30290
30316,30303
30303,791
30303,16481
30290,1212
30290,15849
30281,30257
30257,30189
30257,30236
30236,30212
30236,30223
30223,1612
30223,16148
30212,16919
30189,30163
30189,30176
30176,791
30176,16287
16287,16215
16287,16266
30163,391
30163,15988
30688,30552
30688,30680
30680,30587
30680,30634
30634,30608
30634,30621
30621,1212
30621,17128
30608,391
30608,18058
30587,30561
30587,30574
30574,1612
30574,17899
30561,791
30561,17759
30552,30529
30529,30460
30529,30481
30529,30494
30494,791
30494,17566
30481,1612
30481,17427
30460,30435
30460,30447
30447,1212
30447,18197
18197,18127
18197,18177
30435,391
30435,17196
30435,17246
30959,30823
30959,30950
30950,30926
30926,30859
30926,30905
30905,30879
30905,30892
30892,1212
30892,18407
30879,391
30879,19337
30859,1612
30859,19178
30859,30832
30832,791
30832,19038
19038,18966
19038,19017
30823,30799
30799,30732
30799,30778
30778,30752
30778,30765
30765,791
30765,18845
30752,1612
30752,18706
18706,18635
18706,18685
30732,1212
30732,19476
30732,30706
30706,391
30706,18475
30706,18526
31230,31094
31230,31221
31221,31197
31197,31129
31197,31176
31176,31150
31176,31163
31163,1212
31163,19686
19686,19614
19686,19665
19614,19584
19614,19599
31150,391
31150,20617
31129,31104
31129,31116
31116,1612
31116,20456
31104,791
31104,20246
31104,20297
31094,31070
31070,31003
31070,31049
31049,31023
31049,31037
31037,791
31037,20052
31037,20105
31023,1612
31023,19985
31003,1212
31003,20755
31003,30976
30976,391
30976,19826
20755,20684
20755,20735
31502,31365
31502,31468
31468,31400
31468,31447
31447,31422
31447,31435
31435,1212
31435,20894
31435,20944
31422,391
31422,21823
31422,21874
31400,31374
31400,31387
31387,1612
31387,21735
31374,791
31374,21597
31365,31342
31342,31273
31342,31294
31342,31308
31308,1612
31308,21192
31308,21243
31294,1212
31294,22035
31273,31247
31273,31260
31260,791
31260,21403
31247,391
31247,21106
31773,31636
31773,31739
31739,31671
31739,31718
31718,31692
31718,31705
31705,1212
31705,22244
31692,391
31692,23175
31671,31645
31671,31658
31658,1612
31658,23014
31645,791
31645,22876
22876,22803
22876,22824
22876,22839
31636,31613
31613,31544
31613,31565
31613,31578
31578,1612
31578,22543
31565,1212
31565,23313
31544,31518
31544,31531
31531,791
31531,22682
31518,391
31518,22383
32043,31907
32043,32034
32034,32011
32011,31942
32011,31963
32011,31977
31977,1212
31977,23451
31977,23503
23503,330
23503,616
23503,23472
31963,391
31963,24453
31942,31917
31942,31930
31930,1612
31930,24222
31930,24272
24272,24242
24272,24257
31917,791
31917,24082
31917,24133
31907,31884
31884,31815
31884,31837
31884,31849
31849,1612
31849,23822
31837,1212
31837,24520
31837,24572
31815,31789
31815,31802
31802,791
31802,23961
31789,391
31789,23662
32314,32178
32314,32306
32306,32213
32306,32260
32260,32234
32260,32249
32249,24802
32234,391
32234,25733
32213,32187
32213,32200
32200,1612
32200,25572
32187,791
32187,25433
32178,32154
32154,32087
32154,32134
32134,1612
32134,25101
32134,32108
32108,1212
32108,25799
32108,25850
32087,791
32087,25240
32087,32061
32061,391
32061,24869
32061,24922
25240,25168
25240,25219
32585,32449
32585,32577
32577,32484
32577,32531
32531,32505
32531,32518
32518,1212
32518,26081
32505,391
32505,27011
32484,32459
32484,32471
32471,1612
32471,26853
32459,791
32459,26640
32459,26692
32449,32425
32425,32357
32425,32404
32404,32378
32404,32391
32391,1612
32391,26380
26380,26308
26380,26359
32378,1212
32378,27150
32357,32331
32357,32344
32344,791
32344,26519
26519,26447
26519,26499
32331,391
32331,26220
26220,26149
26220,26199
32856,32720
32856,32847
32847,32823
32823,32757
32823,32803
32803,1212
32803,27360
32803,32777
32777,391
32777,28219
32777,28269
32757,791
32757,27992
32757,32742
32742,1612
32742,28131
27992,27919
27992,27940
27992,27955
27955,330
27955,11764
32720,32697
32697,32628
32697,32650
32697,32662
32662,1612
32662,27659
32650,1212
32650,28357
32650,28409
32628,32604
32628,32616
32616,791
32616,27726
32616,27778
27778,330
27778,10945
27778,27747
32604,27499
27499,27427
27499,27478
33127,32991
33127,33118
33118,33095
33095,33027
33095,33047
33095,33060
33060,391
33060,3260
33047,791
33047,2861
33027,767
33027,1212
33027,33000
33000,367
33000,1612
32991,32967
32967,32899
32967,32946
32946,32920
32946,32934
32934,1612
32934,1840
32934,2021
32920,1212
32920,2441
32899,32874
32899,32886
32886,791
32886,1188
32874,391
32874,1386
32874,1567
33398,33262
33398,33389
33389,33365
33365,33297
33365,33345
33345,1212
33345,4129
33345,33319
33319,391
33319,6018
33319,6199
33297,33272
33297,33285
33285,1612
33285,3529
33285,3709
33272,791
33272,5199
33272,5380
33262,33238
33238,33170
33238,33218
33218,1612
33218,5801
33218,33191
33191,1212
33191,6619
33170,33145
33170,33157
33157,791
33157,4550
33145,391
33145,4746
33145,4927
33671,33509
33671,33636
33636,33568
33636,33616
33616,1212
33616,7456
33616,33589
33589,391
33589,9467
33568,33542
33568,33555
33555,1612
33555,7073
33542,791
33542,8681
33509,33441
33509,33488
33488,33462
33488,33475
33475,1612
33475,9063
33462,1212
33462,9850
33441,33415
33441,33428
33428,791
33428,7861
33415,391
33415,8243
33942,33780
33942,33907
33907,33839
33907,33886
33886,33860
33886,33873
33873,1612
33873,11474
33860,391
33860,12294
33839,33814
33839,33826
33826,1212
33826,10689
33814,791
33814,11717
33814,11890
33780,33712
33780,33759
33759,33733
33759,33746
33746,1612
33746,12698
33733,791
33733,11091
33712,33686
33712,33699
33699,1212
33699,13081
33686,391
33686,10304
34211,34075
34211,34202
34202,34178
34178,34110
34178,34157
34157,34131
34157,34144
34144,391
34144,13922
34131,791
34131,14062
34110,34084
34110,34097
34097,1212
34097,13430
34084,1612
34084,13292
34075,34051
34051,33984
34051,34030
34030,34004
34030,34018
34018,1612
34018,14289
34018,14339
34004,1212
34004,14221
33984,791
33984,13590
33984,33958
33958,391
33958,13659
33958,13708
13708,13678
13708,13693
34482,34346
34482,34473
34473,34449
34449,34381
34449,34428
34428,34403
34428,34415
34415,391
34415,15201
34403,791
34403,15268
34403,15319
34381,34355
34381,34369
34369,1212
34369,14638
34369,14688
34355,1612
34355,14571
34346,34322
34322,34254
34322,34301
34301,34275
34301,34288
34288,1612
34288,15639
34275,1212
34275,15500
34254,34228
34254,34241
34241,791
34241,14869
34228,391
34228,15009
34753,34617
34753,34744
34744,34720
34720,34652
34720,34699
34699,34673
34699,34686
34686,391
34686,16481
34673,791
34673,16619
34652,34627
34652,34639
34639,1212
34639,15988
34627,1612
34627,15777
34627,15828
34617,34593
34593,34526
34593,34573
34573,1612
34573,16919
34573,34546
34546,1212
34546,16779
34526,791
34526,16148
34526,34499
34499,391
34499,16287
35024,34888
35024,35015
35015,34991
34991,34923
34991,34970
34970,34944
34970,34958
34958,1612
34958,17056
34958,17107
34944,1212
34944,17267
34923,34897
34923,34910
34910,791
34910,17899
34897,391
34897,17759
34888,34864
34864,34796
34864,34843
34843,34817
34843,34830
34830,391
34830,17566
34817,791
34817,17427
34796,34770
34796,34784
34784,1212
34784,17987
34784,18037
34770,1612
34770,18197
35295,35159
35295,35286
35286,35262
35262,35195
35262,35241
35241,35215
35241,35228
35228,1612
35228,18407
35215,1212
35215,18546
35195,791
35195,19178
35195,35168
35168,391
35168,19038
35159,35137
35137,35041
35137,35055
35137,35114
35114,35088
35114,35102
35102,391
35102,18773
35102,18824
35088,791
35088,18706
35055,1212
35055,19266
35055,19316
35041,1612
35041,19476
35566,35430
35566,35557
35557,35533
35533,35465
35533,35512
35512,35486
35512,35499
35499,1612
35499,19686
35486,1212
35486,19826
35465,35439
35465,35452
35452,791
35452,20456
35439,391
35439,20317
35430,35407
35407,35340
35407,35359
35407,35372
35372,391
35372,20124
35359,791
35359,19985
35340,1612
35340,20755
35340,35325
35325,1212
35325,20617
35838,35701
35838,35805
35805,35736
35805,35757
35805,35771
35771,1612
35771,20894
35771,20944
35757,1212
35757,21106
35736,35710
35736,35723
35723,791
35723,21735
35710,391
35710,21597
35701,35677
35677,35609
35677,35656
35656,35631
35656,35643
35643,1612
35643,22035
35631,1212
35631,21823
35631,21874
35609,35583
35609,35596
35596,791
35596,21264
35583,391
35583,21403
36108,35972
36108,36099
36099,36076
36076,36007
36076,36028
36076,36041
36041,1612
36041,22244
36028,1212
36028,22383
36007,35982
36007,35994
35994,791
35994,23014
35982,391
35982,22803
35982,22854
35972,35948
35948,35880
35948,35928
35928,1612
35928,23313
35928,35901
35901,1212
35901,23175
35880,35856
35880,35867
35867,791
35867,22543
35856,22682
36379,36243
36379,36370
36370,36346
36346,36278
36346,36325
36325,36299
36325,36312
36312,1612
36312,23524
36299,1212
36299,23662
36278,36253
36278,36265
36265,791
36265,24294
36253,391
36253,24082
36253,24133
36243,36220
36220,36152
36220,36172
36220,36185
36185,1612
36185,24592
36172,1212
36172,24453
36152,791
36152,23822
36152,36126
36126,391
36126,23889
36126,23940
36650,36514
36650,36641
36641,36617
36617,36550
36617,36597
36597,1612
36597,24802
36597,36570
36570,1212
36570,24941
36550,791
36550,25572
36550,36523
36523,391
36523,25433
36514,36490
36490,36423
36490,36469
36469,36443
36469,36456
36456,1612
36456,25871
36443,1212
36443,25733
36423,791
36423,25101
36423,36397
36397,391
36397,25168
36397,25219
36921,36785
36921,36912
36912,36888
36888,36821
36888,36867
36867,36841
36867,36855
36855,1612
36855,26010
36855,26060
36841,1212
36841,26220
36821,791
36821,26853
36821,36794
36794,391
36794,26712
26712,26640
26712,26692
36785,36761
36761,36693
36761,36741
36741,1612
36741,27150
36741,36715
36715,1212
36715,26939
36715,26990
36693,36667
36693,36681
36681,791
36681,26308
36681,26359
36667,391
36667,26519
37193,37056
37193,37160
37160,37091
37160,37112
37160,37125
37125,1612
37125,27360
37112,1212
37112,27499
37091,37067
37091,37078
37078,791
37078,28131
37067,27992
37056,37032
37032,36964
37032,37011
37011,36985
37011,36999
36999,1612
36999,28357
36999,28409
36985,1212
36985,28290
28290,28219
28290,28269
36964,36938
36964,36951
36951,791
36951,27659
36938,391
36938,27799
37463,37327
37463,37454
37454,37430
37430,37362
37430,37409
37409,37383
37409,37397
37397,1212
37397,1386
37397,1567
37383,391
37383,2861
37362,37336
37362,37349
37349,767
37349,1612
37336,367
37336,791
37327,37303
37303,37236
37303,37282
37282,37256
37282,37269
37269,1612
37269,2441
37256,1212
37256,3260
37236,791
37236,2042
37236,37209
37209,391
37209,1188
37734,37598
37734,37725
37725,37701
37701,37633
37701,37680
37680,37654
37680,37668
37668,1612
37668,3927
37668,4108
37654,1212
37654,4948
37633,37607
37633,37621
37621,791
37621,3529
37621,3709
37607,391
37607,5401
37598,37574
37574,37506
37574,37553
37553,37527
37553,37540
37540,1612
37540,6619
37527,1212
37527,6220
37506,37480
37506,37493
37493,791
37493,5801
37480,391
37480,4550
38005,37869
38005,37996
37996,37972
37972,37904
37972,37951
37951,37925
37951,37938
37938,1612
37938,7456
37925,1212
37925,8243
37904,37878
37904,37891
37891,791
37891,7073
37878,391
37878,8681
37869,37845
37845,37778
37845,37824
37824,37798
37824,37811
37811,1612
37811,9850
37798,1212
37798,9467
37778,791
37778,9063
37778,37751
37751,391
37751,7861
38276,38141
38276,38267
38267,38243
38243,38175
38243,38223
38223,1612
38223,10689
38223,38196
38196,791
38196,11474
38175,38150
38175,38162
38162,1212
38162,10304
38150,391
38150,11717
38150,11890
38141,38048
38141,38095
38095,38069
38095,38082
38082,791
38082,12698
38069,391
38069,11091
38048,38022
38048,38035
38035,1612
38035,13081
38022,1212
38022,12294
38547,38411
38547,38539
38539,38447
38539,38493
38493,38467
38493,38481
38481,391
38481,13989
38481,14040
38467,1212
38467,13730
38447,1612
38447,13430
38447,38420
38420,791
38420,13292
38411,38387
38387,38319
38387,38367
38367,791
38367,14360
38367,38340
38340,1612
38340,14221
38319,38294
38319,38306
38306,391
38306,13590
38294,1212
38294,13850
38294,13901
38818,38682
38818,38810
38810,38718
38810,38764
38764,38738
38764,38751
38751,391
38751,15340
38738,1212
38738,15009
38718,1612
38718,14709
38718,38691
38691,791
38691,14571
38682,38658
38658,38590
38658,38637
38637,38611
38637,38624
38624,791
38624,15639
38611,1612
38611,15500
38590,38564
38590,38578
38578,391
38578,14797
38578,14848
38564,1212
38564,15201
39089,38954
39089,39080
39080,39056
39056,38988
39056,39035
39035,39010
39035,39022
39022,391
39022,16619
39010,1212
39010,16215
39010,16266
38988,38962
38988,38975
38975,1612
38975,15988
38962,791
38962,15849
38954,38861
38954,38908
38908,38884
38908,38895
38895,791
38895,16919
38884,16779
38861,38835
38861,38848
38848,391
38848,16148
38835,1212
38835,16481
39360,39224
39360,39351
39351,39327
39327,39260
39327,39306
39306,39280
39306,39293
39293,1612
39293,17267
39280,1212
39280,17566
39260,791
39260,17128
39260,39234
39234,391
39234,17826
39234,17877
17877,17847
17877,17862
39224,39200
39200,39133
39200,39180
39180,1612
39180,18058
39180,39153
39153,391
39153,17427
39133,791
39133,18197
39133,39106
39106,1212
39106,17759
39632,39495
39632,39598
39598,39530
39598,39577
39577,39551
39577,39565
39565,1612
39565,18475
39565,18526
39551,1212
39551,18845
39530,39504
39530,39517
39517,791
39517,18407
39504,391
39504,19178
39495,39475
39475,1212
39475,19038
39475,39390
39475,39450
39450,39425
39450,39437
39437,1612
39437,19337
39425,391
39425,18635
39425,18685
39390,791
39390,19476
39903,39767
39903,39869
39869,39801
39869,39849
39849,1612
39849,19826
39849,39823
39823,1212
39823,20052
39823,20105
39801,39776
39801,39788
39788,791
39788,19686
39776,391
39776,20384
39776,20435
39767,39674
39767,39721
39721,39695
39721,39708
39708,1612
39708,20617
39695,391
39695,19985
39674,39649
39674,39661
39661,791
39661,20755
39649,1212
39649,20246
39649,20297
40173,40037
40173,40164
40164,40140
40140,40072
40140,40119
40119,40093
40119,40106
40106,1612
40106,21106
40093,1212
40093,21403
40072,40046
40072,40059
40059,791
40059,20965
40046,391
40046,21735
40037,40014
40014,39946
40014,39968
40014,39979
39979,791
39979,22035
39968,21895
39946,391
39946,21264
39946,39919
39919,1212
39919,21597
40444,40308
40444,40435
40435,40411
40411,40343
40411,40390
40390,40364
40390,40377
40377,1612
40377,22383
40364,1212
40364,22682
40343,40317
40343,40330
40330,791
40330,22244
40317,391
40317,23014
40308,40285
40285,40216
40285,40237
40285,40250
40250,791
40250,23313
40237,1612
40237,23175
40216,40191
40216,40203
40203,391
40203,22543
40191,1212
40191,22803
40191,22854
40715,40579
40715,40707
40707,40615
40707,40662
40662,1612
40662,23662
40662,40635
40635,1212
40635,23961
40615,791
40615,23524
40615,40588
40588,391
40588,24294
40579,40555
40555,40487
40555,40534
40534,40508
40534,40521
40521,791
40521,24592
40508,1612
40508,24453
40487,40461
40487,40474
40474,391
40474,23822
40461,1212
40461,24154
40986,40850
40986,40977
40977,40953
40953,40885
40953,40932
40932,40906
40932,40919
40919,1612
40919,24941
40906,1212
40906,25240
40885,40859
40885,40872
40872,791
40872,24802
40859,391
40859,25572
40850,40826
40826,40759
40826,40805
40805,40779
40805,40792
40792,791
40792,25871
40779,1612
40779,25733
40759,391
40759,25101
40759,40732
40732,1212
40732,25433
41257,41122
41257,41248
41248,41224
41224,41156
41224,41204
41204,1612
41204,26220
41204,41177
41177,1212
41177,26519
41156,41130
41156,41143
41143,791
41143,26081
41130,391
41130,26853
41122,41030
41122,41077
41077,791
41077,27150
41077,41050
41050,1612
41050,27011
41030,391
41030,26380
41030,41003
41003,1212
41003,26712
41528,41392
41528,41519
41519,41495
41495,41428
41495,41474
41474,41448
41474,41463
41463,27499
41448,1212
41448,27799
41428,791
41428,27360
41428,41401
41401,391
41401,28131
41392,41368
41368,41300
41368,41347
41347,41321
41347,41335
41335,791
41335,28357
41335,28409
41321,1612
41321,28290
41300,41274
41300,41287
41287,391
41287,27659
41274,1212
41274,27992
41563,41545
41563,41554
41554,1648
1648,806
1648,1213
1648,1613
41545,3318
41598,41580
41598,41589
41589,5008
41580,6677
41634,8302
41634,41616
41616,9100
41616,9888
8302,7493
8302,7884
8302,8268
41668,41650
41668,41660
41660,10724
41660,11512
41650,13139
13139,12331
13139,13118
41703,41685
41703,41695
41695,13467
41695,13766
41685,14418
41739,15066
41739,41721
41721,15377
41721,15676
15377,15226
15377,15364
15066,14746
15066,15046
41774,16346
41774,41755
41755,16976
41808,41790
41808,41799
41799,17624
41790,18255
41844,18903
41844,41825
41825,19534
18903,18583
18903,18882
41878,41860
41878,41870
41870,19862
41870,20162
19862,19713
19862,19849
41860,20813
41913,41895
41913,41904
41904,21462
41895,22093
41948,41931
41948,41939
41939,22740
41931,23051
41931,23350
41983,41966
41983,41974
41974,24019
41966,24330
41966,24629
42019,25298
42019,42000
42000,25930
42053,42035
42053,42044
42044,26577
42035,27208
27208,26888
27208,27187
42088,42070
42088,42079
42079,27856
42070,28487
42123,42105
42123,42114
42114,28631
42105,28758
28758,28690
28758,28737
42158,42140
42158,42149
42149,28902
42140,29030
42193,42175
42193,42184
42184,29173
29173,29105
29173,29153
42175,29300
29300,29233
29300,29279
42228,42210
42228,42219
42219,29444
42210,29571
42264,29715
42264,42245
42245,29842
29715,29647
29715,29694
42299,29987
42299,42280
42280,30113
42333,42315
42333,42324
42324,30257
42315,30385
42368,42350
42368,42359
42359,30529
42350,30657
30657,30561
30657,30574
30657,30634
42403,42385
42403,42395
42395,30732
42395,30778
42385,30926
42438,42421
42438,42429
42429,31070
42421,31129
42421,31176
42473,42455
42473,42464
42464,31342
42455,31468
42509,31613
42509,42492
42492,31645
42492,31658
42492,31718
42543,42525
42543,42534
42534,31884
42525,32011
42578,42560
42578,42569
42569,32154
42560,32282
32282,32213
32282,32234
32282,32249
42613,42596
42613,42605
42605,32357
42605,32404
42596,32484
42596,32531
42648,42630
42648,42639
42639,32697
42630,32823
42683,42665
42683,42674
42674,32967
42665,33095
42718,42700
42718,42709
42709,33238
42700,33365
42753,42736
42753,42744
42744,33509
42736,33568
42736,33616
42788,42770
42788,42779
42779,33780
42770,33907
42823,42806
42823,42814
42814,34051
42806,34110
42806,34157
42858,42840
42858,42849
42849,34322
42840,34449
42893,42875
42893,42884
42884,34593
42875,34720
42928,42911
42928,42919
42919,34864
42911,34923
42911,34970
42963,42945
42963,42954
42954,35137
42945,35262
42998,42980
42998,42989
42989,35407
42980,35533
43034,35677
43034,43016
43016,35736
43016,35783
35783,35757
35783,35771
43068,43050
43068,43059
43059,35948
43050,36076
43104,36220
43104,43085
43085,36346
43138,43120
43138,43129
43129,36490
43120,36617
43173,43155
43173,43164
43164,36761
43155,36888
43209,37032
43209,43190
43190,37160
43243,43225
43243,43234
43234,37303
43225,37430
43278,43260
43278,43269
43269,37574
43260,37701
43313,43296
43313,43304
43304,37845
43296,37904
43296,37951
43349,38116
43349,43330
43330,38243
38116,38048
38116,38095
43383,43365
43383,43374
43374,38387
43365,38515
38515,38447
38515,38467
38515,38481
43418,43400
43418,43409
43409,38658
43400,38785
38785,38718
38785,38764
43453,43435
43453,43444
43444,38929
38929,38861
38929,38908
43435,39056
43488,43470
43488,43479
43479,39200
43470,39327
43523,43506
43523,43514
43514,39475
43506,39530
43506,39577
43558,43540
43558,43549
43549,39743
39743,39674
39743,39695
39743,39708
43540,39869
43594,40014
43594,43575
43575,40140
43629,40285
43629,43610
43610,40411
43663,43645
43663,43654
43654,40555
43645,40682
40682,40615
40682,40662
43698,43680
43698,43690
43690,40759
43690,40805
43680,40953
43734,41097
43734,43716
43716,41156
43716,41204
41097,41030
41097,41077
43768,43750
43768,43759
43759,41368
43750,41495
