32,1
33,2
34,3,5,6
35,7
36,8
37,9,12
38,13,14,15,16,17,18,19,20,21,22
39,23,31,32
40,33,34,35,37,39,43,45,48,50,52,54,55,60,62,63,66
41,70,75,79,83
42,85
43,86
44,87,89,90
45,91,92,93,94,96,97,99,101,102,103,104,107,108,115,116,117
46,119,120,121,122,123,124,125,126,127,128,129,130,131,132,133,134,135,136,137,138,139,140,141,142,143,144,145,146
47,147,149,151,173,181,189,202,203,204
48,219,221,223,225,233,234,240,244
49,246
50,247
51,248,249,250,251
52,252,258
53,280,290,295,300,303,307
54,308,311,313,316,321,323,327,330,331,333,340,350,352,353,356,357,360,361,362,363,364,365,366,370,371,375,378
55,380,382,386,389,391,392,398,400
56,407
57,408
58,409,410,412
59,413,418,419,421,423,424,428,432,435,436,437
60,441,443,444,448,450,453,457,462,463,465
61,469,475,477,479,481,511,524,537
62,541,542,547,548,550,553,556,561,562,567
63,568
64,569
65,570,571,572
66,574,578
67,602,604,610,611,613,614,616,617,618,620,621,622,624,626,627,629
68,630,631,632,634,636,637,638,639,642,643,644,645,646,647,648,649,650,651,652,653,656,657,658,659,661,663,664,665,668,670,671,672,676,677,678,679,680,682,683,684,685,686,690,692,694,696,698,699,701
69,702,703,704,706,709,710,712,713,714,715,717,718,719,721,722,724,727
70,729
71,730
72,731
73,735,738,739,741,744,745,746,752,754,755,756,757,759,761,762
74,763,769,776,786,787
75,791,792,793,794,795,796,797,798,799,800,801,802,803,804,805,806,807,808,809,810,811,812,813,814,815,817,819,820,821,822,823,824,825,826,827,828,829,830,832,833,834,835,836,837,838,841,842,843,844,846,847,849,852,853,854,855,856,857,858,859,862
76,863,864,866,867,868,869,875,878,879,882,883,884,886
77,890
78,891
79,892,895
80,896,897,899,906,909,911,913,914,917,918,919
81,924,926,927,928,930,931,933,936,937,938,943,945,946,948
82,952,956,962,986,989,1008,1014
83,1024,1025,1026,1028,1029,1031,1032,1033,1035,1037,1038,1040,1041,1042,1043,1045,1046,1049,1050
84,1051
85,1052
86,1053,1055,1056
87,1057,1059,1060,1062,1064,1065,1066,1067,1069,1072,1073,1074,1075,1076,1077,1078,1080,1081,1082
88,1085,1086,1087,1090,1094,1095,1096,1100,1103,1107,1108,1110,1111,1112
89,1113,1114,1115,1116,1117,1118,1119,1120,1121,1122,1123,1124,1126,1127,1128,1129,1131,1132,1133,1135,1136,1138,1139,1141,1142,1144,1145,1146,1147,1148,1149,1150,1152,1153,1154,1155,1156,1157,1158,1159,1161,1162,1163,1164,1165,1166,1167,1168,1170,1174,1175,1176,1177,1179,1180,1181,1183,1184
90,1185,1186,1190,1194,1196,1197,1199,1200,1201,1204,1205,1209
91,1212
92,1213
93,1214,1217
94,1218,1219,1221,1222,1223,1225,1226,1227,1228,1229,1230,1231,1232,1233,1235,1236,1239,1240,1241,1242,1243,1244
95,1246,1247,1249,1252,1254,1255,1256,1259,1262,1263,1264,1265,1266,1267,1271,1272
96,1274,1281,1282,1283,1284,1289,1291,1295,1300,1301,1305,1306,1312,1315,1325,1337,1340,1344
97,1346,1358,1369,1371
98,1373
99,1374
100,1375,1376,1377,1378
101,1379,1380,1381,1382,1383,1384,1386,1387,1390,1392,1393,1394,1395,1398,1399,1400,1401,1404
102,1407,1408,1409,1410,1414,1418,1421,1423,1426,1429,1430,1431,1432,1433,1434
103,1435,1438,1440,1443,1446,1448,1449,1453,1455,1459,1461,1465,1467,1468,1472,1475,1476,1477,1481,1482,1483,1484,1485,1490,1491,1492,1493,1495,1496,1498,1499,1504
104,1507,1508,1509,1510,1511,1512,1513,1514,1515,1516,1517,1518,1520,1521,1522,1523,1524,1525,1526,1527,1528,1529,1530,1531,1532,1533
105,1534
106,1535
107,1536,1538
108,1540,1542,1546,1547,1549,1550,1557,1562,1567
109,1568,1579,1581,1583,1586,1592
110,1596,1599,1600,1601,1604,1607,1608,1609,1613,1614,1617,1618,1623,1625,1626,1628,1630,1631,1632,1633,1638,1639,1642,1643,1649,1650,1652,1654,1656,1659,1661,1662,1663,1666,1667
111,1668,1669,1670,1671,1672,1673,1674,1675,1676,1677,1678,1679,1680,1682,1683,1685,1687,1688,1689,1690,1691,1694
112,1695
113,1696
114,1697,1698,1699,1700
115,1701,1702,1704,1712,1715,1716,1718,1721,1722,1725,1726,1727
116,1729,1730,1731,1732,1733,1735,1736,1737,1738,1739,1740,1741,1742,1743,1744,1745,1746,1747,1748,1749,1750,1751,1752,1753,1754,1755,1756
117,1757,1758,1759,1760,1761,1762,1763,1764,1766,1767,1768,1769,1770,1771,1772,1774,1775,1776,1777,1778,1779,1780,1781,1782,1784,1785,1786,1787,1788,1789,1790,1791,1792,1793,1794,1795,1796,1797,1798,1799,1800,1801,1802,1803,1804,1805,1807,1808,1809,1810,1811,1812,1813,1815,1816,1817,1818,1819,1820,1821,1822,1823,1824,1825,1826,1827,1828
118,1829,1831,1835,1838,1840,1843,1845,1846,1848
119,1856
120,1857
121,1858,1859,1861
122,1862,1863,1864,1866,1867,1869,1870,1871,1872,1873,1875,1877,1878,1879,1882,1883,1884,1885,1886,1887,1888,1889
123,1890,1892,1893,1895,1896,1899,1901,1902,1908,1909,1911,1913,1914,1916,1917
124,1918,1919,1920,1921,1922,1923,1924,1925,1926,1927,1929,1930,1931,1932,1933,1934,1935,1936,1937,1938,1939,1940,1941,1942,1943,1944,1945,1946,1947,1948,1949,1950,1951,1952,1953,1954,1955,1956,1957,1958,1959,1961,1962,1963,1964,1965,1966,1967,1968,1969,1970,1971,1972,1973,1974,1975,1976,1977,1978,1979,1980,1981,1982,1983,1984,1985,1986,1987,1988,1989
125,1990,1991,1992,1993,1994,1995,1996,1997,1998,1999,2000,2001,2002,2003,2004,2005,2006,2008,2009,2010,2011,2013,2014,2015,2016
126,2017
127,2018
128,2019,2020,2021,2022
129,2023,2024,2026,2028,2031,2032,2033,2034,2036,2037,2038,2041,2044,2045,2046,2048,2049
130,2051,2057,2061,2064,2066
131,2079,2081,2084,2086,2087,2090,2091,2093,2102,2103,2106,2107,2108,2110,2111,2112,2114,2115,2116,2117,2119,2122,2123,2130,2131,2132,2144,2148
132,2151,2162,2164,2166,2168,2171,2172,2173,2176
133,2178
134,2179
135,2180,2181
136,2184,2186,2187,2188,2192,2193,2194,2196,2200,2205,2207,2208,2209,2211
137,2212,2215,2216,2217,2222,2223,2225,2226,2227,2231,2232,2233,2234,2237
138,2240,2242,2243,2244,2245,2246,2247,2248,2249,2250,2251,2252,2253,2254,2255,2256,2257,2258,2259,2260,2261,2262,2263,2264,2265,2266,2267,2268,2269,2270,2271,2272,2273,2274,2275,2276,2277,2278,2279,2280,2281,2282,2283,2284,2285,2286,2287,2289,2290,2292,2293,2295,2296,2297,2298,2299,2300,2301,2302,2303,2304,2305,2306,2307,2308,2309,2310,2311
139,2312,2313,2314,2315,2316,2318,2319,2320,2321,2322,2323,2324,2325,2327,2328,2329,2330,2331,2332,2333,2334,2335,2336,2337,2338
