32,1
33,2
34,3,4,5,6
35,7
36,8
37,9,10,11,12
38,13,18,19
39,23,24,25,26,27,28,29,30,31,32
40,33,34,36,37,38,39,41,42,43,44,46,50,51,57,58,63,64,66,69
41,70,71,74,75,78,81,82,83,84
42,85
43,86
44,87,88,89,90
45,91,94,95,99,103,104,109,110,116
46,119,120,121,122,123,124,126,128,130,131,132,133,134,135,136,137,138,140,141,142,143,144,146
47,147,148,149,150,151,153,154,155,156,158,159,161,162,164,165,169,170,172,174,176,177,178,181,183,184,185,186,187,188,189,190,191,194,195,196,198,199,200,201,210,211,213,214,215,217,218
48,219,222,223,226,228,236,237,238,240,241,242,244
49,246
50,247
51,248,249,250,251
52,252,253,254,255,256,257,258,259,260,261,262,263,264,265,266,267,268,269,270,271,272,273,274,275,276,277,278,279
53,280,281,287,293,294,297,298,299,300,304,305,306
54,308,316,323,324,327,328,333,339,343,346,349,350,351,352,354,355,357,359,366,373,375,377,378
55,380,382,383,384,385,386,389,391,393,394,397,399,401,403,405,406
56,407
57,408
58,409,410,411,412
59,413,414,416,421,424,425,429,437
60,441,449,467
61,469,471,472,473,474,475,476,478,479,480,481,482,484,485,486,488,489,490,491,493,494,496,497,499,500,501,502,503,504,507,509,510,513,514,515,516,517,520,524,525,526,527,529,534,535,537,538,539,540
62,541,560
63,568
64,569
65,570,573
66,574,575,576,577,578,579,580,581,582,583,584,585,586,587,588,589,590,591,592,593,594,596,597,598,599,600,601
67,602,603,605,606,607,608,609,610,611,612,613,614,615,616,617,618,619,620,621,622,624,625,626,627,628,629
68,630,631,632,633,634,636,637,638,642,644,646,647,648,650,651,652,653,654,655,656,659,660,662,664,665,666,668,669,670,671,672,675,677,678,679,680,681,682,683,685,686,687,689,691,692,693,694,696,697,698,699,700
69,702,706
70,729
71,730
72,731
73,735,743,749
74,763,764,766,771,774,777,778,782,785,786,788,789
75,791,792,793,795,797,798,799,800,801,803,804,805,806,807,809,810,811,812,814,816,817,819,821,822,823,825,826,827,828,829,830,831,832,833,834,836,838,839,840,841,842,843,844,845,846,847,848,850,851,852,853,854,857,858,859,861,862
76,863,866,874,878,879,880,882
77,890
78,891
79,892,893,895
80,896,897,899,900,901,902,903,904,905,906,907,908,909,910,911,912,913,914,915,916,917,918,919,920,921,922,923
81,924,925,926,927,928,929,930,931,932,933,934,936,937,938,939,940,941,942,943,944,945,947,948,949,950,951
82,952,954,956,957,958,960,962,969,974,976,977,979,982,985,987,988,989,991,995,996,997,1000,1003,1005,1006,1007,1010,1012,1014,1016,1019
83,1024,1026,1027,1028,1031,1036,1037,1038,1045,1048,1050
84,1051
85,1052
86,1053,1055
87,1057,1058,1059,1061,1062,1063,1064,1065,1066,1067,1068,1069,1070,1071,1072,1073,1074,1075,1076,1077,1078,1079,1080,1081,1082,1083,1084
88,1085,1086,1088,1090,1091,1092,1093,1094,1095,1099,1102,1107,1108,1110,1111
89,1113,1114,1115,1116,1117,1118,1119,1120,1121,1122,1123,1124,1125,1126,1127,1128,1129,1130,1131,1132,1133,1134,1135,1136,1138,1139,1140,1141,1142,1143,1145,1146,1149,1150,1151,1153,1154,1155,1158,1161,1162,1163,1164,1165,1166,1167,1169,1170,1171,1172,1174,1175,1176,1177,1178,1179,1180,1182,1183,1184
90,1185,1186,1187,1190,1193,1195,1201,1202,1205,1209
91,1212
92,1213
93,1214
94,1218,1219,1220,1221,1222,1223,1226,1227,1228,1229,1233,1234,1235,1237,1238,1239,1245
95,1246,1247,1248,1250,1251,1252,1253,1254,1255,1256,1257,1260,1261,1262,1263,1264,1266,1267,1268,1269,1270,1271,1272
96,1274,1276,1277,1278,1279,1280,1281,1282,1284,1285,1286,1287,1288,1289,1290,1291,1292,1293,1294,1295,1296,1297,1298,1299,1300,1301,1302,1303,1304,1305,1306,1307,1308,1309,1310,1311,1312,1313,1314,1317,1318,1319,1320,1321,1322,1323,1324,1325,1326,1327,1328,1329,1330,1331,1332,1333,1334,1335,1336,1337,1338,1339,1340,1341,1342,1343,1344
97,1346,1347,1351,1352,1353,1354,1355,1356,1357,1359,1360,1362,1364,1365,1366,1368,1371,1372
98,1373
99,1374
100,1375,1377
101,1379,1380,1381,1382,1383,1384,1385,1386,1387,1388,1389,1390,1391,1393,1394,1395,1396,1397,1398,1399,1400,1401,1402,1403,1404,1405,1406
102,1407,1408,1409,1410,1411,1412,1413,1414,1415,1416,1417,1418,1419,1420,1421,1422,1423,1424,1425,1426,1427,1428,1429,1430,1431,1432,1433,1434
103,1435,1436,1437,1438,1439,1440,1441,1444,1445,1446,1447,1448,1449,1450,1451,1452,1453,1454,1456,1457,1458,1459,1460,1461,1462,1463,1464,1465,1466,1467,1468,1469,1471,1472,1473,1474,1475,1476,1478,1479,1481,1482,1484,1488,1489,1490,1491,1492,1493,1494,1495,1496,1497,1498,1499,1500,1501,1502,1503,1504,1505
104,1507,1509,1511,1512,1514,1515,1516,1517,1518,1519,1520,1521,1522,1523,1524,1526,1527,1529,1530,1531,1532,1533
105,1534
106,1535
107,1536,1537,1538,1539
108,1540,1543,1545,1546,1547,1550,1551,1555,1556,1557,1558,1560,1562,1563,1565,1567
109,1568,1574
110,1596,1612,1618,1639,1653,1661,1666
111,1668,1669,1674,1675,1676,1677,1678,1680,1682,1684,1685,1687,1692
112,1695
113,1696
114,1697,1700
115,1701,1702,1704,1705,1706,1711,1715,1717,1718,1720,1722,1726,1728
116,1729,1730,1732,1733,1735,1736,1737,1738,1739,1740,1741,1742,1743,1744,1745,1746,1747,1748,1749,1750,1751,1752,1753,1754,1755,1756
117,1757,1759,1763,1770,1778,1785,1802,1803,1805,1810,1812,1818,1820,1824
118,1829,1832,1844
119,1856
120,1857
121,1858,1859,1861
122,1862,1863,1869,1870,1871,1874,1876,1879
123,1890,1892,1894,1898,1899,1900,1901,1905,1906,1907,1908,1909,1912,1913,1914,1916,1917
124,1918,1961,1962
125,1990,2001,2004,2007
126,2017
127,2018
128,2019,2020,2021
129,2023,2024,2032,2041
130,2051,2061,2062,2064,2072,2073,2074
131,2079,2083,2095
132,2151,2152,2153,2154,2155,2156,2157,2158,2160,2161,2162,2163,2164,2165,2166,2167,2168,2169,2170,2171,2173,2174,2175,2176,2177
133,2178
134,2179
135,2180,2181,2182,2183
136,2184,2185,2186,2187,2190,2191,2202,2204,2207
137,2212,2217,2221
138,2240,2241,2242,2243,2244,2245,2250,2252,2253,2254,2256,2258,2261,2262,2263,2265,2266,2268,2269,2270,2271,2272,2273,2274,2277,2279,2280,2281,2282,2283,2284,2286,2287,2288,2289,2290,2293,2294,2295,2296,2298,2299,2301,2302,2303,2304,2305,2306,2307,2308,2310,2311
139,2312,2313,2314,2315,2316,2317,2318,2319,2320,2321,2323,2325,2326,2327,2328,2329,2330,2331,2332,2333,2334,2335,2336,2337,2338
