32,1
33,2
34,3,4,5
35,7
36,8
37,9,10,11,12
38,13,14,15,16,17,18,19,20,21,22
39,23,30
40,33,34,35,36,37,38,39,40,41,42,43,44,45,46,47,48,49,50,51,52,53,54,55,56,58,59,60,62,63,66,67,68
41,70,71,72,73,74,75,76,77,78,79,80,81,82,83,84
42,85
43,86
44,87,88,89,90
45,91,93,109,111,116,117
46,119,120,121,122,123,124,125,126,127,128,129,130,131,132,133,134,135,136,137,138,139,140,141,142,145,146
47,147,148,150,152,153,154,156,157,159,161,167,172,174,175,176,178,184,186,189,193,198,200,203,210,211,214
48,219,220
49,246
50,247
51,248,251
52,252,258,260,262
53,280,281,282,283,284,285,286,287,288,289,290,291,292,293,294,295,296,297,298,299,300,301,302,303,304,305,306,307
54,308,309,310,317,319,321,324,326,328,332,334,335,336,338,341,342,345,347,348,349,352,353,354,360,362,363,364,371,374,375,377
55,380,381,383,384,385,387,388,389,390,391,392,393,394,395,397,398,399,400,401,402,403,404,406
56,407
57,408
58,409
59,413,416,423,424,428,430,431,432,433,435,438,440
60,441,442,443,444,449,450,455,457,459,462,463,464,465,466,468
61,469,473,481,489,494,496,501,515,522,527,530,539
62,541,542,543,544,545,547,548,551,552,553,557,558,562,563,565,566,567
63,568
64,569
65,570,572,573
66,574,576,577,578,580,582,586,587,589,593,594,597,599
67,602,603,604,607,610,611,613,618,620,624
68,630,632,636,637,644,645,647,648,649,650,654,655,657,659,668,673,679,681,688,689,690,691,694,695,699
69,702,704,714,716,717,723,724,727
70,729
71,730
72,731,734
73,735,736,737,738,739,743,747,748,749,750,751,752,753,754,755,756,757,758,759,761
74,763,764,765,766,767,768,769,771,774,775,777,782,783,785,786,788,789
75,791,818,819,830,834,844,851,857,858,861
76,863,864,866,867,869,871,872,873,874,875,876,877,878,879,880,881,882,883,884,885,886,887
77,890
78,891
79,892,893,895
80,896,897,898,899,900,901,902,903,904,905,907,908,909,910,911,913,914,915,917,918,919,922,923
81,924,925,926,927,928,929,930,931,932,933,934,935,936,937,939,940,941,942,943,944,945,946,947,948,949,950,951
82,952,953,954,956,962,963,967,968,971,974,976,977,983,985,987,991,997,998,1006,1007,1009,1014,1018,1021,1022,1023
83,1024,1028,1029,1030,1032,1033,1034,1038,1041,1045
84,1051
85,1052
86,1053,1055,1056
87,1057,1064,1068
88,1085,1086,1087,1088,1090,1091,1092,1093,1094,1095,1096,1097,1098,1099,1100,1103,1104,1105,1106,1107,1108,1110,1112
89,1113,1116,1122,1123,1125,1129,1130,1131,1132,1135,1137,1138,1140,1145,1149,1153,1155,1156,1159,1160,1162,1164,1165,1168,1170,1176,1178,1182,1183,1184
90,1185,1189,1191,1192,1195,1198,1199,1202,1207,1208,1209
91,1212
92,1213
93,1214,1215,1216,1217
94,1218,1219,1221,1223,1224,1226,1227,1228,1231,1233,1237,1238,1239,1240,1241,1242,1243,1245
95,1246,1247,1248,1250,1251,1254,1257,1258,1259,1260,1261,1264,1266,1267,1270,1272,1273
96,1274,1275,1278,1284,1286,1300,1302,1303,1306,1309,1313,1315,1316,1323,1324,1327
97,1346,1347,1348,1349,1350,1351,1352,1354,1355,1358,1359,1360,1361,1362,1364,1366,1367,1369,1371,1372
98,1373
99,1374
100,1375,1376,1377
101,1379,1380,1381,1382,1383,1384,1385,1386,1387,1388,1389,1390,1392,1394,1395,1397,1398,1399,1400,1402,1403,1404,1405,1406
102,1407,1409,1410,1411,1412,1413,1414,1415,1417,1420,1422,1423,1424,1425,1426,1427,1428,1430,1433,1434
103,1435,1448,1473,1476,1479,1487,1497
104,1507,1510,1511,1512,1514,1518,1519,1522,1526,1528
105,1534
106,1535
107,1536,1539
108,1540,1547,1548,1563,1567
109,1568,1569,1570,1571,1572,1573,1575,1577,1578,1579,1580,1582,1584,1585,1586,1587,1588,1590,1592,1593,1594,1595
110,1596,1597,1602,1609,1613,1614,1615,1620,1623,1624,1630,1631,1632,1633,1636,1641,1649,1653,1654,1655,1659,1660,1661,1662,1667
111,1668,1669,1670,1671,1672,1673,1674,1675,1676,1677,1678,1679,1680,1681,1682,1683,1684,1685,1686,1687,1688,1689,1690,1691,1692,1693,1694
112,1695
113,1696
114,1697,1698,1700
115,1701,1703,1705,1716,1726,1727
116,1729,1730,1732,1733,1734,1738,1740,1743,1745,1747,1748,1749,1751,1754,1755,1756
117,1757,1759,1761,1762,1765,1766,1767,1768,1769,1771,1772,1773,1776,1780,1781,1782,1783,1784,1786,1787,1788,1791,1794,1795,1796,1797,1798,1799,1800,1803,1804,1805,1807,1810,1811,1812,1813,1814,1815,1818,1821,1824,1825,1826,1828
118,1829,1848,1855
119,1856
120,1857
121,1858,1859,1860,1861
122,1862,1863,1864,1865,1867,1869,1870,1871,1872,1873,1875,1877,1878,1879,1880,1881,1882,1883,1884,1885,1886
123,1890,1893,1894,1895,1897,1898,1899,1900,1901,1903,1904,1905,1909,1911,1912,1913,1914,1915,1916,1917
124,1918,1920,1925,1926,1928,1929,1932,1934,1936,1941,1943,1945,1947,1948,1950,1951,1954,1955,1956,1959,1960,1962,1963,1969,1970,1973,1974,1976,1977,1980,1984,1988,1989
125,1990,1995,1999,2000,2002,2003,2005,2007,2009
126,2017
127,2018
128,2019,2022
129,2023,2024,2025,2026,2027,2028,2029,2030,2032,2033,2034,2035,2036,2037,2038,2039,2041,2042,2043,2044,2045,2046,2047,2048,2050
130,2051,2052,2053,2054,2055,2056,2057,2058,2059,2060,2061,2062,2063,2064,2065,2066,2067,2069,2070,2071,2072,2073,2074,2075,2076,2077,2078
131,2079,2080,2083,2087,2088,2089,2090,2091,2094,2095,2098,2099,2100,2102,2104,2105,2106,2107,2108,2112,2113,2117,2118,2119,2120,2123,2132,2136,2138,2140,2142,2144
132,2151,2169
133,2178
134,2179
135,2180,2181,2182
136,2184,2186,2187,2188,2189,2190,2191,2193,2194,2196,2197,2198,2199,2200,2201,2202,2203,2205,2206,2207,2209,2210,2211
137,2212,2219,2223,2224,2227,2228,2229,2230,2231,2234,2235,2237
138,2240,2241,2242,2243,2244,2245,2247,2249,2250,2252,2254,2255,2256,2258,2259,2260,2261,2262,2263,2265,2266,2267,2268,2269,2271,2272,2273,2274,2275,2276,2278,2280,2281,2282,2284,2285,2286,2287,2288,2291,2293,2294,2295,2296,2297,2298,2299,2300,2301,2302,2305,2306,2308,2309,2310,2311
139,2312,2313,2316,2318,2321,2322,2329,2330,2334,2337
