32,1
33,2
34,3,4,5,6
35,7
36,8
37,9,10
38,13,14,16,17,18,19,20,21,22
39,23,25,27,29,30,31,32
40,33,40,42,45,48,51,53
41,70,74,77
42,85
43,86
44,87,88,89,90
45,91,95,96,98,100,102,103,104,108,109,110,111,113,114,115,117
46,119,120,121,122,123,124,125,127,128,130,131,132,133,134,135,136,137,138,139,143,144,145,146
47,147,151,159,160,168,177,181,186,187,192,195,197,198,200,204,208,216,217
48,219,229,232,237,243,244
49,246
50,247
51,248,249,250,251
52,252,253,256,259,260,261,262,263,264,265,266,267,268,269,270,271,272,273,274,275,276,277,278,279
53,280,281,282,283,284,285,286,287,290,291,294,295,296,297,298,299,300,301,303,305,307
54,308,309,310,312,313,314,317,318,319,320,321,323,324,325,326,329,330,331,332,333,335,336,337,339,340,341,342,343,345,346,347,348,349,351,353,354,355,357,359,360,361,362,363,364,365,366,367,369,370,371,372,373,374,376,377,378,379
55,380,382
56,407
57,408
58,409,410,411
59,413,416,418,419,425,426,428,429,431,436,437,439
60,441,454
61,469,494,502,516,531
62,541,542,543,544,545,547,548,549,550,552,553,554,555,556,557,558,560,562,563,565,567
63,568
64,569
65,570,571,572
66,574,575,576,577,578,579,580,581,582,583,584,585,586,587,588,589,590,591,592,593,594,595,597,598,599,600,601
67,602,604,605,608,609,610,611,613,614,616,617,618,619,620,621,623,624,625,626,627,628,629
68,630,634,639,643,649,655,656,657,659,660,663,671,674,684,698
69,702,705,706,707,713,720,721
70,729
71,730
72,731,732,733,734
73,735,739,751,752,754,757,762
74,763,764,766,767,768,769,770,772,774,776,778,780,781,783,784,785,786,787,788,789,790
75,791,792,793,794,795,796,797,798,799,800,801,802,804,807,808,809,811,812,815,816,817,820,822,823,825,826,828,829,831,832,836,838,839,840,846,851,852,855,857,859,860
76,863,864,866,869,870,871,873,875,876,877,878,880,881,883,884,885,887,888,889
77,890
78,891
79,892,893
80,896,899,900,901,902,904,905,906,907,913,917,918,922
81,924,926,927,928,931,932,933,934,935,936,937,938,939,942,943,944,945,946,947,948,949,951
82,952,956,957,962,963,977,980,982,983,985,988,996,1006,1011,1013,1019,1022
83,1024,1025,1026,1027,1028,1030,1031,1032,1033,1034,1035,1036,1037,1038,1039,1041,1043,1044,1045,1046,1047,1048,1049,1050
84,1051
85,1052
86,1053,1054,1055,1056
87,1057,1058,1059,1061,1062,1064,1065,1066,1068,1069,1071,1072,1073,1074,1075,1076,1079,1081,1082,1083
88,1085,1086,1090,1093,1096,1098,1103,1105,1106,1109
89,1113,1121,1135,1138,1139,1151,1175
90,1185,1189,1190,1191,1192,1195,1196,1197,1198,1199,1200,1201,1205,1211
91,1212
92,1213
93,1214,1217
94,1218,1219,1220,1222,1223,1226,1229,1230,1231,1233,1237,1238,1239,1243,1244,1245
95,1246,1273
96,1274,1275,1276,1278,1279,1283,1285,1287,1288,1291,1292,1293,1294,1295,1296,1298,1299,1300,1304,1305,1307,1308,1309,1310,1311,1312,1313,1314,1317,1318,1321,1323,1325,1326,1327,1333,1334,1335,1336,1337,1338,1339,1342,1344,1345
97,1346,1347,1348,1350,1355,1356,1357,1359,1361,1362,1363,1364,1369,1371
98,1373
99,1374
100,1375,1376,1377
101,1379,1380,1385,1387,1388
102,1407,1408,1409,1410,1411,1412,1413,1414,1415,1416,1417,1418,1419,1420,1422,1423,1424,1425,1426,1427,1428,1429,1430,1431,1432,1433,1434
103,1435,1437,1438,1439,1440,1446,1449,1454,1455,1458,1459,1464,1465,1473,1482,1485,1486,1490,1497,1500,1501,1504
104,1507,1510,1511,1512,1513,1514,1517,1519,1520,1522,1523,1524,1525,1526,1527,1528,1529,1530,1532,1533
105,1534
106,1535
107,1536,1537,1538,1539
108,1540,1541,1542,1544,1545,1546,1549,1552,1553,1558,1561,1563,1564,1565
109,1568,1569,1570,1572,1573,1574,1576,1577,1580,1585,1586,1588,1590
110,1596,1597,1600,1603,1606,1608,1614,1615,1628,1632,1636,1644,1647,1655,1656,1660,1661,1667
111,1668,1670,1671,1674,1675,1681,1693
112,1695
113,1696
114,1697,1699
115,1701,1702,1703,1704,1705,1706,1708,1710,1711,1713,1714,1716,1717,1718,1719,1721,1724,1725,1726,1727,1728
116,1729,1732,1735,1736,1738,1739,1740,1742,1743,1744,1745,1746,1747,1749,1750,1752,1753,1754,1755,1756
117,1757,1758,1761,1776,1782,1785,1788,1789,1792,1800,1801,1809,1822,1824,1827
118,1829,1830,1831,1833,1834,1835,1836,1837,1838,1839,1841,1842,1843,1844,1845,1846,1847,1848,1849,1850,1851,1852,1853
119,1856
120,1857
121,1858,1859,1861
122,1862,1865,1872,1873,1880,1885,1889
123,1890,1891,1892,1893,1894,1895,1896,1897,1898,1899,1900,1901,1902,1903,1904,1905,1906,1907,1908,1909,1910,1911,1912,1913,1914,1915,1916,1917
124,1918,1919,1922,1923,1924,1926,1929,1930,1931,1932,1933,1934,1935,1936,1937,1938,1939,1940,1941,1944,1945,1946,1947,1949,1950,1951,1952,1953,1954,1955,1956,1957,1960,1962,1963,1964,1965,1966,1967,1968,1970,1971,1972,1973,1974,1975,1978,1979,1980,1981,1982,1983,1984,1985,1986,1987
125,1990,1993,1994,1996,1998,1999,2000,2002,2003,2004,2005,2006,2007,2008,2009,2010,2011,2012,2013,2014,2015,2016
126,2017
127,2018
128,2019,2020,2022
129,2023,2024,2025,2029,2031,2047
130,2051,2052,2054,2055,2057,2058,2059,2063,2066,2070,2075,2077
131,2079,2081,2082,2083,2084,2085,2086,2088,2089,2092,2093,2096,2098,2100,2101,2102,2103,2104,2105,2106,2107,2108,2111,2112,2113,2114,2115,2116,2117,2118,2119,2120,2122,2123,2125,2126,2128,2129,2130,2131,2132,2133,2134,2135,2140,2141,2142,2144,2145,2147,2148,2149,2150
132,2151,2153,2154,2156,2157,2159,2160,2161,2162,2163,2164,2165,2166,2170,2172,2173,2174,2175,2176,2177
133,2178
134,2179
135,2180,2181
136,2184,2185,2186,2187,2189,2191,2192,2193,2194,2196,2197,2198,2200,2201,2202,2203,2204,2207,2208
137,2212,2215,2217,2219,2220,2221,2223,2225,2226,2227,2228,2229,2230,2232,2234,2235,2236,2237,2238,2239
138,2240,2241,2242,2244,2245,2246,2247,2248,2249,2250,2251,2252,2254,2255,2256,2257,2258,2259,2260,2261,2262,2263,2264,2265,2266,2267,2268,2269,2270,2271,2272,2273,2274,2275,2276,2277,2278,2279,2280,2281,2282,2283,2284,2285,2286,2287,2288,2289,2291,2292,2294,2295,2296,2297,2300,2302,2303,2304,2305,2306,2307,2309,2310,2311
139,2312,2313,2315,2316,2318,2319,2321,2324,2326,2327,2328,2329,2330,2332,2333,2336
