32,1
33,2
34,3,4,5,6
35,7
36,8
37,9,11
38,13,14,15,16,17,22
39,23,24,25,26,27,29,30
40,33,37,38,39,40,44,45,46,47,48,49,50,51,52,54,55,58,59,60,62,63,65,66,67,68,69
41,70,73,78,80,81,82
42,85
43,86
44,87,88
45,91,92,93,94,95,97,99,101,105,106,109,113
46,119,120,123,128,133,134,135,138,140,141,143,144,145,146
47,147,148,153,155,156,157,158,159,160,162,163,176,180,182,183,185,191,192,201,204,207,209,213,216
48,219,220,221,222,223,224,225,226,227,228,233,234,236,237,238,240,241,242,243,244,245
49,246
50,247
51,248,250,251
52,252,253,254,256,258,259,260,262,264,265,267,268,269,270,271,272,274,275,276,279
53,280,281,282,283,284,286,288,289,290,291,294,295,296,297,298,299,302,303,304,305,306,307
54,308,309,310,311,312,313,314,315,316,317,318,320,321,322,325,326,327,329,331,332,333,335,336,338,339,341,342,343,345,347,348,349,352,353,354,356,357,359,360,361,362,364,366,367,368,370,372,374,375,377,378,379
55,380,383,384,385,389,390,391,393,398,399,400,403,404,405
56,407
57,408
58,409
59,413,414,416,417,418,419,420,421,422,423,424,425,427,428,430,431,433,434,437,438,439,440
60,441,442,444,446,447,448,449,451,452,455,456,458,459,460,461,463,464,466,467,468
61,469,473,474,475,476,477,478,483,485,489,495,498,500,507,510,512,514,516,517,518,519,524,527,535,540
62,541,546,550,554,555,561,564
63,568
64,569
65,570,571,572,573
66,574,579,582,593,594,599,601
67,602,604,606,608,610,611,612,613,614,615,616,618,626,627
68,630,632,640,641,646,651,656,657,661,669,670,674,682,686,687,693,700
69,702,703,704,705,708,713,714,715,717,721,724,726,728
70,729
71,730
72,731,733
73,735,738,739,740,741,743,747,748,750,751,752,753,754,755,756,757,758,759,760,761,762
74,763,765,768,770,775,778,779,780,783,785,786,787,788,789
75,791,793,794,795,798,810,811,818,819,826,828,829,830,831,833,838,839,841,842,843,845,846,847,852,853,855,858,859,860,861
76,863,864,865,868,870,873,878,879,880,888
77,890
78,891
79,892,893,894,895
80,896,898,899,900,902,903,904,905,908,910,913,915,918,919
81,924,925,927,929,934,940,943,947,951
82,952,953,956,959,961,963,968,970,971,972,973,977,980,983,984,986,987,988,990,991,992,995,998,1004,1012,1016,1019,1021
83,1024,1025,1027,1028,1029,1032,1033,1034,1035,1036,1037,1038,1039,1040,1041,1042,1043,1044,1045,1046,1047,1048,1049
84,1051
85,1052
86,1053,1054,1055,1056
87,1057,1060,1061,1064,1067,1071,1072,1075,1076,1077,1078,1079,1082,1083
88,1085,1087,1088,1091,1092,1096,1098,1099,1100,1102,1104,1107,1108,1109,1112
89,1113,1114,1115,1116,1118,1119,1120,1121,1122,1123,1124,1125,1127,1128,1129,1130,1131,1132,1133,1137,1138,1139,1140,1141,1142,1143,1145,1146,1147,1148,1149,1150,1151,1153,1154,1155,1156,1157,1158,1160,1162,1163,1164,1166,1167,1168,1169,1170,1171,1172,1173,1174,1176,1177,1178,1179,1181,1182,1183
90,1185,1186,1187,1188,1189,1190,1191,1195,1196,1197,1198,1199,1200,1201,1202,1203,1204,1207,1210,1211
91,1212
92,1213
93,1214,1217
94,1218,1219,1220,1221,1222,1223,1224,1225,1226,1229,1230,1231,1233,1234,1235,1236,1237,1238,1239,1241,1242,1243,1245
95,1246,1247,1248,1249,1250,1251,1252,1253,1254,1255,1256,1257,1258,1259,1260,1261,1262,1263,1264,1265,1266,1267,1268,1269,1270,1271,1272,1273
96,1274,1275,1276,1277,1278,1279,1282,1284,1285,1287,1288,1290,1291,1293,1294,1295,1296,1297,1299,1300,1302,1303,1305,1306,1307,1308,1309,1310,1311,1312,1313,1314,1315,1316,1318,1319,1320,1321,1322,1323,1324,1325,1326,1327,1328,1329,1330,1332,1336,1337,1338,1339,1340,1341,1343,1344,1345
97,1346,1347,1348,1349,1350,1351,1352,1354,1356,1357,1358,1359,1362,1364,1365,1367,1368,1370,1372
98,1373
99,1374
100,1375,1377
101,1379,1381,1382,1383,1384,1386,1388,1389,1390,1394,1395,1396,1400,1401,1402,1403
102,1407,1408,1411,1414,1416,1418,1423,1425,1426,1427,1430,1432
103,1435,1437,1446,1448,1452,1454,1465,1476,1480,1483,1493,1496,1506
104,1507,1511,1512,1515,1519,1520,1522,1530,1532
105,1534
106,1535
107,1536,1537,1538,1539
108,1540,1541,1542,1543,1544,1546,1547,1548,1549,1550,1551,1552,1553,1554,1555,1556,1557,1558,1559,1560,1561,1562,1563,1565,1567
109,1568,1570,1573,1574,1575,1576,1578,1579,1582,1583,1585,1589,1593,1594,1595
110,1596,1597,1598,1599,1600,1601,1602,1603,1604,1605,1606,1607,1608,1609,1610,1611,1612,1613,1614,1615,1616,1617,1618,1619,1620,1621,1623,1624,1625,1627,1629,1631,1633,1634,1635,1636,1637,1638,1639,1640,1642,1643,1644,1645,1646,1648,1649,1650,1651,1652,1653,1654,1655,1656,1657,1659,1660,1661,1662,1663,1664,1665,1666
111,1668,1669,1679,1688,1691
112,1695
113,1696
114,1697,1699,1700
115,1701,1702,1703,1705,1706,1708,1709,1710,1711,1712,1713,1714,1716,1717,1718,1720,1724,1725,1726,1727,1728
116,1729,1732,1735,1739,1740,1744
117,1757,1758,1763,1765,1766,1767,1768,1769,1770,1772,1773,1775,1776,1778,1779,1780,1781,1785,1786,1787,1788,1789,1791,1792,1793,1795,1797,1798,1800,1801,1804,1805,1806,1807,1808,1809,1810,1812,1815,1816,1818,1819,1822,1824,1825,1826,1828
118,1829,1830,1832,1833,1834,1838,1839,1841,1842,1844,1845,1847,1849,1851,1852,1854
119,1856
120,1857
121,1858,1860
122,1862,1865,1874,1888
123,1890,1891,1892,1893,1894,1895,1896,1898,1900,1902,1903,1904,1905,1906,1907,1908,1911,1912,1915,1916,1917
124,1918,1919,1921,1922,1923,1929,1933,1934,1938,1940,1948,1952,1959,1961,1962,1966,1970,1972,1973,1974,1975,1976,1978,1980,1981
125,1990,1991,1992,1993,1994,1995,1996,1998,2000,2001,2002,2003,2004,2005,2006,2007,2008,2009,2010,2011,2012,2013,2014,2015
126,2017
127,2018
128,2019,2021,2022
129,2023,2024,2025,2028,2032,2034,2035,2037,2039,2040,2041,2043,2045,2047,2049
130,2051,2056,2062,2063,2064,2065,2066,2067,2068,2070,2071,2075,2076
131,2079,2081,2082,2084,2085,2086,2087,2088,2089,2090,2091,2092,2093,2094,2095,2096,2097,2098,2099,2100,2101,2102,2103,2104,2106,2107,2108,2110,2111,2112,2113,2114,2115,2116,2117,2118,2119,2120,2121,2122,2123,2124,2125,2126,2127,2128,2129,2130,2131,2132,2133,2134,2135,2136,2137,2138,2139,2140,2141,2142,2143,2144,2145,2146,2147,2148,2150
132,2151,2152,2153,2155,2156,2157,2160,2161,2162,2166,2168,2170,2171,2174,2176,2177
133,2178
134,2179
135,2180,2181
136,2184,2185,2188,2189,2199,2200,2201,2205,2207,2209,2210,2211
137,2212,2213,2215,2218,2219,2223,2236,2239
138,2240,2241,2243,2244,2250,2251,2256,2262,2263,2276,2281,2284,2285,2290,2291,2292,2293,2298,2301,2304
139,2312,2321,2331,2333,2337
