32,1
33,2
34,3,5
35,7
36,8
37,9,11,12
38,13,15,16,18,19,20,21,22
39,23,25,26,27,28,29,31,32
40,33,36,37,38,40,42,43,44,45,46,47,48,49,50,51,53,55,56,57,58,59,61,62,64,65,67,68,69
41,70,71,72,74,75,76,77,78,79,80,81,83
42,85
43,86
44,87,88,90
45,91,92,93,94,95,98,99,100,101,102,103,104,105,106,107,109,110,111,112,113,114,115,118
46,119,121,124,125,128,129,130,132,133,135,139,140,141,142,143,145,146
47,147,148,149,151,152,153,154,155,156,159,160,162,163,164,165,166,167,169,173,174,175,176,177,178,180,181,182,185,190,191,192,193,197,198,199,201,202,203,205,206,207,212,214,215,216,217
48,219,223,230,231
49,246
50,247
51,248,251
52,252,254,255,256,257,259,263,264,267,268,269,270,271,273,274,279
53,280,281,282,284,290,293,300
54,308,309,310,311,312,315,317,318,320,321,323,325,327,328,329,332,334,336,337,338,339,341,342,343,344,345,346,347,348,349,350,352,355,356,357,359,360,362,364,365,367,369,375,376,379
55,380,384,386,388,391,394,395,398,402,404,406
56,407
57,408
58,409,410,412
59,413,417,424,425,428,430,431
60,441,443,445,446,447,449,451,454,456,457,458,459,460,461,464,466,468
61,469,478,480,483,487,491,495,503,505,507,512,520,532,535,537,538,539
62,541,553
63,568
64,569
65,570,571,572,573
66,574,585,599
67,602,603,604,605,606,607,608,609,610,611,612,613,614,616,617,618,619,620,621,622,623,624,625,626,627,628,629
68,630,641,650,653,655,657,662,667,676,678,686
69,702,703,725,728
70,729
71,730
72,731,732,733
73,735,748
74,763,764,766,769,770,772,773,774,776,777,778,779,780,783,784,785,786,787,788,789,790
75,791,793,794,796,797,798,800,801,805,806,808,810,811,812,813,814,815,816,817,818,819,820,821,822,825,826,827,830,832,833,835,836,837,840,841,845,846,847,849,850,854,855,856,858,860,861
76,863,866,869,875,877,885,889
77,890
78,891
79,892,893,894,895
80,896,899,900,901,904,910,911,914,916,918,920
81,924,925,926,927,928,929,930,931,933,934,935,936,937,938,939,940,941,942,943,944,945,947,948,949,950,951
82,952,953,954,955,956,957,958,959,960,961,962,963,964,966,967,968,969,970,971,972,973,975,976,977,978,979,980,981,982,983,984,985,986,987,988,989,990,991,992,993,994,995,996,997,998,999,1000,1001,1002,1003,1004,1005,1006,1007,1008,1009,1010,1011,1012,1013,1014,1015,1016,1017,1018,1019,1020,1021,1022,1023
83,1024,1025,1026,1027,1028,1029,1031,1032,1033,1035,1036,1038,1040,1047
84,1051
85,1052
86,1053,1054,1055,1056
87,1057,1058,1059,1060,1061,1064,1065,1066,1067,1068,1069,1070,1071,1073,1074,1075,1077,1078,1080,1081,1082,1083,1084
88,1085,1086,1087,1088,1089,1090,1091,1094,1095,1096,1097,1098,1100,1102,1103,1107,1109,1110,1111
89,1113,1114,1115,1116,1117,1118,1119,1120,1121,1122,1123,1124,1125,1126,1127,1128,1129,1130,1131,1132,1133,1134,1135,1136,1137,1138,1139,1140,1141,1142,1143,1144,1145,1146,1147,1148,1149,1150,1151,1152,1153,1154,1155,1156,1157,1158,1159,1160,1161,1162,1163,1164,1165,1166,1167,1168,1169,1170,1171,1172,1173,1174,1175,1176,1178,1180,1181,1182,1183,1184
90,1185,1186,1189,1190,1191,1194,1195,1199,1202,1203,1204,1205,1208,1210,1211
91,1212
92,1213
93,1214,1215,1216,1217
94,1218,1221,1222,1225,1231,1232,1233,1236,1242,1245
95,1246,1249,1253,1262
96,1274,1275,1276,1280,1281,1282,1283,1284,1285,1286,1288,1291,1292,1294,1295,1297,1298,1299,1300,1301,1302,1303,1304,1305,1306,1311,1313,1314,1315,1316,1318,1319,1320,1323,1325,1326,1327,1329,1330,1331,1332,1334,1340,1342,1343,1344,1345
97,1346,1347,1348,1349,1350,1351,1353,1354,1355,1356,1357,1358,1360,1361,1362,1364,1365,1366,1367,1369,1370
98,1373
99,1374
100,1375,1378
101,1379,1380,1384,1385,1392,1394,1402,1403,1404
102,1407,1408,1409,1410,1412,1413,1416,1417,1418,1419,1420,1421,1422,1423,1424,1425,1426,1427,1428,1430,1431,1432,1433,1434
103,1435,1436,1437,1439,1441,1444,1446,1447,1450,1451,1452,1453,1455,1456,1457,1460,1462,1463,1464,1465,1466,1469,1470,1471,1472,1473,1475,1479,1483,1484,1485,1486,1487,1489,1491,1492,1493,1494,1496,1498,1500,1503,1504,1505,1506
104,1507,1509,1511,1513,1514,1515,1516,1518,1520,1521,1523,1526,1528,1529,1531,1532,1533
105,1534
106,1535
107,1536,1539
108,1540,1543,1544,1547,1548,1549,1550,1551,1552,1555,1561,1562,1566,1567
109,1568,1580,1586,1587
110,1596,1597,1598,1599,1600,1601,1602,1603,1604,1605,1606,1607,1608,1610,1614,1615,1616,1617,1619,1620,1622,1623,1624,1626,1627,1628,1630,1631,1632,1633,1634,1635,1636,1637,1638,1639,1640,1641,1643,1644,1645,1647,1648,1649,1650,1651,1652,1653,1655,1656,1657,1658,1659,1660,1662,1663,1664,1665,1666,1667
111,1668,1670,1671,1672,1673,1674,1676,1677,1678,1679,1680,1681,1682,1683,1684,1685,1686,1688,1689,1690,1691,1692,1693,1694
112,1695
113,1696
114,1697,1698
115,1701,1707,1710,1711,1714,1715,1716,1717,1718,1722,1723,1725,1726,1728
116,1729,1731,1732,1733,1734,1735,1736,1737,1738,1739,1740,1741,1742,1743,1744,1745,1746,1747,1748,1749,1750,1752,1753,1754,1755,1756
117,1757,1758,1759,1760,1761,1762,1763,1764,1765,1766,1767,1769,1770,1771,1773,1774,1775,1777,1778,1779,1783,1784,1785,1787,1790,1791,1792,1793,1794,1795,1796,1799,1800,1802,1803,1804,1805,1806,1807,1808,1809,1811,1812,1813,1814,1815,1816,1818,1819,1821,1822,1823,1825,1826,1828
118,1829,1833,1836,1837,1843,1851,1853,1855
119,1856
120,1857
121,1858
122,1862,1864,1870,1872,1873,1875,1877,1879,1881,1885,1886,1887,1888
123,1890,1891,1893,1895,1898,1899,1901,1903,1906,1907,1908,1912,1913,1915,1917
124,1918,1919,1922,1924,1925,1927,1931,1933,1934,1937,1939,1942,1943,1944,1946,1947,1949,1950,1952,1956,1957,1959,1961,1962,1963,1966,1969,1973,1974,1976,1978,1981,1982,1983,1989
125,1990,1994,1996,1997,1998,2000,2003,2012,2013,2014
126,2017
127,2018
128,2019,2020,2021,2022
129,2023,2024,2025,2026,2027,2029,2030,2031,2032,2035,2036,2037,2039,2042,2043,2044,2047,2048,2049,2050
130,2051,2057,2060,2066,2069,2072
131,2079,2082,2085,2087,2088,2089,2090,2093,2094,2095,2096,2097,2098,2100,2103,2104,2105,2106,2107,2111,2113,2114,2115,2116,2117,2118,2119,2120,2121,2122,2123,2125,2127,2129,2130,2133,2134,2135,2138,2140,2142,2143,2144,2145,2146,2147,2149,2150
132,2151,2152,2155,2156,2157,2158,2159,2162,2163,2164,2166,2168,2172,2174
133,2178
134,2179
135,2180,2182,2183
136,2184,2186,2188,2190,2191,2194,2196,2197,2198,2199,2201,2203,2204,2205,2210
137,2212,2215,2225,2230
138,2240,2242,2246,2250,2263,2264,2267,2269,2277,2278,2281,2284,2294,2301,2302,2306,2307
139,2312,2313,2314,2315,2317,2318,2319,2320,2321,2323,2324,2325,2326,2327,2329,2330,2332,2333,2335,2336,2337,2338
