32,1
33,2
34,3,4,5,6
35,7
36,8
37,9,12
38,13,14,16,19,20
39,23,25,26,27,30
40,33,34,35,37,38,39,40,42,43,44,47,49,50,51,55,56,57,58,59,60,62,63,64,65,67,69
41,70,71,72,73,76,77,79,80,81,82,83,84
42,85
43,86
44,87,88,90
45,91,99,108,112,118
46,119,120,121,122,123,124,125,126,127,128,129,130,131,132,133,134,135,136,138,140,141,142,145,146
47,147,148,150,153,155,160,162,163,164,168,171,172,173,174,179,184,188,190,191,192,196,197,201,208,210,211,214,217
48,219,221,222,223,225,226,228,231,232,233,234,235,236,237,238,239,241,242,243,244,245
49,246
50,247
51,248,249,251
52,252,253,257,259,268,269,271,277,279
53,280,282,283,284,289,292,293,294,296
54,308,309,310,315,317,324,325,327,328,329,330,333,334,337,341,342,344,345,346,351,353,356,357,359,361,362,363,368,369,370,371,372,375,377,378
55,380,381,382,383,387,388,389,390,391,393,394,395,396,397,398,399,400,401,402,403,405,406
56,407
57,408
58,409,410,411,412
59,413,414,415,416,417,419,420,422,424,425,426,428,429,430,431,432,433,434,435,436,437,439,440
60,441,442,443,444,445,446,447,448,449,450,451,452,453,454,455,456,457,458,459,460,461,462,463,464,465,466,467,468
61,469,470,471,472,473,474,475,476,478,479,480,481,482,483,484,485,487,488,489,490,492,493,494,495,496,497,498,499,500,501,502,503,504,505,506,507,508,509,510,511,512,513,514,515,516,517,518,519,520,521,522,523,524,525,526,527,528,529,530,531,532,533,534,535,536,537,538,539,540
62,541,545,548,549,550,551,552,554,557,559,560,565,567
63,568
64,569
65,570,571,572
66,574,577,578,586,591,598,599,600
67,602,603,604,605,606,607,608,609,610,611,612,614,615,616,617,619,620,621,622,623,624,625,626,627,628,629
68,630,631,632,637,640,642,644,646,647,650,656,657,659,660,666,667,669,671,676,678,679,680,683,686,687,688,689,691,692,693,695,697,701
69,702,703,704,705,706,707,708,709,710,711,712,713,714,715,716,717,718,719,720,721,722,723,724,725,726,727,728
70,729
71,730
72,731,732,733
73,735,737,740,741,742,743,745,746,747,748,752,754,756,758,759,760,761
74,763,764,765,766,767,768,769,770,771,772,773,775,777,778,779,781,782,784,785,786,787,788,789,790
75,791,792,795,797,798,804,814,815,819,821,825,828,829,837,838,844,845,847,854,855,856,858,859,862
76,863,864,866,867,868,869,870,871,872,874,875,876,878,880,881,882,885,886,889
77,890
78,891
79,892,893,894
80,896,897,901,903,905,908,910,913,923
81,924,926,928,931,932,934,936,938,941,944,947,949,950,951
82,952,953,954,956,957,958,959,960,961,962,963,964,965,966,967,968,969,970,971,972,974,975,976,977,978,979,980,981,983,987,988,989,990,991,992,993,994,995,996,997,998,999,1001,1002,1005,1006,1007,1008,1009,1010,1012,1013,1014,1015,1016,1017,1018,1019,1020,1022,1023
83,1024,1029,1032,1040,1045,1049
84,1051
85,1052
86,1053,1055,1056
87,1057,1067,1074,1081,1084
88,1085,1089,1090,1095,1096,1098,1099,1100,1111
89,1113,1114,1116,1118,1120,1121,1122,1125,1127,1131,1132,1133,1135,1136,1137,1138,1139,1140,1141,1144,1148,1151,1154,1155,1156,1157,1158,1159,1160,1162,1166,1167,1168,1170,1172,1173,1177,1178,1179,1181,1183
90,1185,1189,1193,1196,1198,1199,1200,1202,1203,1204,1207,1210,1211
91,1212
92,1213
93,1214,1215,1216
94,1218,1219,1220,1221,1222,1224,1225,1226,1227,1228,1229,1231,1233,1236,1237,1238,1239,1240,1242,1243,1244,1245
95,1246,1251,1252,1253,1257,1259,1261,1262,1268,1273
96,1274,1275,1281,1282,1286,1293,1294,1298,1307,1311,1313,1315,1320,1326,1328,1339,1342
97,1346,1347,1349,1350,1351,1352,1353,1354,1355,1356,1357,1358,1359,1360,1361,1362,1363,1364,1366,1367,1368,1369,1371,1372
98,1373
99,1374
100,1375,1376,1377,1378
101,1379,1380,1381,1383,1384,1385,1387,1388,1389,1390,1391,1393,1394,1395,1397,1398,1399,1400,1401,1402,1403,1404,1406
102,1407,1408,1409,1410,1411,1413,1420,1429,1431,1434
103,1435,1436,1437,1438,1439,1440,1441,1443,1444,1445,1446,1447,1448,1449,1450,1451,1452,1453,1454,1456,1457,1458,1459,1460,1462,1463,1464,1465,1466,1467,1468,1470,1471,1472,1475,1476,1477,1479,1481,1484,1485,1486,1488,1489,1490,1491,1492,1494,1495,1496,1497,1498,1499,1500,1501,1502,1503,1504,1505,1506
104,1507,1519
105,1534
106,1535
107,1536,1537,1538,1539
108,1540,1541,1542,1543,1544,1547,1548,1549,1550,1551,1552,1553,1554,1555,1556,1557,1558,1559,1560,1561,1562,1563,1564,1565,1566,1567
109,1568,1569,1570,1571,1572,1573,1574,1576,1577,1578,1579,1580,1581,1582,1583,1584,1585,1588,1589,1590,1591,1592,1593,1594,1595
110,1596,1598,1599,1600,1601,1602,1604,1605,1606,1607,1608,1609,1610,1611,1613,1615,1618,1620,1623,1625,1626,1627,1629,1630,1632,1633,1634,1635,1636,1637,1638,1639,1640,1641,1642,1644,1645,1646,1647,1648,1649,1650,1651,1652,1653,1655,1656,1657,1658,1660,1662,1663,1664,1665,1666,1667
111,1668,1669,1671,1674,1675,1677,1678,1679,1682,1683,1684,1685,1686,1688,1689,1690,1691,1693
112,1695
113,1696
114,1697,1698,1699,1700
115,1701,1702,1704,1705,1706,1707,1709,1710,1711,1712,1716,1717,1719,1720,1721,1722,1723,1724,1726
116,1729,1732,1733,1736,1740,1742,1743,1750,1753
117,1757,1772,1787,1793,1797,1808,1810
118,1829,1830,1831,1834,1835,1839,1847
119,1856
120,1857
121,1858,1861
122,1862,1870,1873,1875,1877,1882,1883,1884,1887,1888
123,1890,1891,1892,1894,1897,1898,1901,1902,1903,1904,1905,1906,1907,1908,1910,1911,1912,1913,1914,1916
124,1918,1919,1921,1922,1923,1924,1925,1926,1932,1934,1935,1937,1938,1939,1941,1942,1943,1944,1947,1948,1949,1950,1951,1952,1953,1954,1955,1959,1962,1965,1967,1968,1970,1971,1972,1973,1977,1982,1983,1985,1986,1989
125,1990,1991,1992,1993,1994,1995,1997,1998,1999,2000,2001,2002,2003,2004,2005,2006,2007,2008,2009,2010,2011,2012,2013,2014,2016
126,2017
127,2018
128,2019,2020
129,2023,2032,2033,2039,2040,2045
130,2051,2055,2058,2077
131,2079,2080,2081,2083,2086,2087,2089,2091,2092,2094,2095,2099,2100,2102,2103,2104,2105,2107,2108,2112,2113,2114,2115,2118,2119,2122,2125,2126,2129,2133,2135,2138,2141,2142,2148,2149
132,2151,2152,2153,2154,2155,2156,2157,2158,2159,2160,2161,2162,2163,2164,2165,2166,2167,2168,2169,2170,2171,2172,2173,2174,2175,2176,2177
133,2178
134,2179
135,2180,2181
136,2184,2190,2200,2203,2204,2208
137,2212,2234,2235,2237
138,2240,2241,2242,2245,2246,2248,2249,2250,2251,2252,2253,2257,2258,2259,2260,2261,2262,2265,2266,2267,2268,2271,2272,2274,2275,2276,2277,2278,2279,2280,2283,2284,2285,2286,2288,2289,2290,2292,2293,2294,2295,2296,2297,2298,2299,2300,2301,2303,2304,2305,2308,2309,2310
139,2312,2314,2315,2316,2317,2318,2321,2322,2323,2324,2326,2327,2331,2333,2334,2335,2336,2337,2338
