32,1
33,2
34,3,4,5,6
35,7
36,8
37,9,10,11
38,13,19,21
39,23,24,27,28,29,30,31
40,33,40,43,45,51,52,53,56,58,59,61,62,66,69
41,70,78,82,83
42,85
43,86
44,87,88,89,90
45,91,92,94,96,98,99,101,105,107,108,111,112,113,115,116,117
46,119,123,131,134,135,140,146
47,147,149,150,153,154,155,156,158,159,160,161,163,165,166,167,168,170,171,172,173,174,175,179,180,183,184,185,186,189,190,191,193,197,199,200,201,203,205,206,208,210,211,213,215,217
48,219,220,221,222,223,224,225,226,227,228,229,230,231,232,233,236,237,238,239,240,241,243,244,245
49,246
50,247
51,248,250
52,252,253,254,255,256,257,258,259,260,261,262,263,264,265,266,267,268,269,270,271,272,273,274,275,276,277,278,279
53,280,282,284,285,286,290,292,297,302,304,306,307
54,308,309,310,311,312,313,314,315,316,317,318,319,320,321,322,323,324,325,326,327,328,329,330,331,332,333,334,336,337,338,339,340,341,342,343,344,345,346,348,349,351,352,353,354,355,356,357,358,359,360,361,362,363,364,365,366,367,368,369,370,371,372,373,374,375,376,377,378,379
55,380,382,383,385,386,387,388,389,390,391,392,393,395,396,398,400,401,403,404,405,406
56,407
57,408
58,409
59,413,414,416,421,422,426,427,431,432,433,434,438,439,440
60,441,443,444,449,450,453,457,459,460,461,464,465,467,468
61,469,470,477,478,479,480,482,483,484,485,488,492,495,496,497,498,499,500,501,503,505,506,509,511,516,518,522,523,525,527,529,530,531,533,535,536,538,539,540
62,541,542,545,547,548,550,551,552,553,557,558,559,561,565,566,567
63,568
64,569
65,570,571,572
66,574,575,579,580,586,588,590,591
67,602,610,618,622,623
68,630,631,632,633,634,635,636,637,638,639,640,641,642,643,644,645,646,647,648,649,650,651,652,653,654,655,656,657,658,660,661,662,663,664,665,666,667,668,669,670,671,672,673,674,675,676,677,678,679,680,681,682,683,684,685,686,687,689,690,691,692,693,695,696,697,698,699,700,701
69,702,703,704,705,706,708,709,710,711,713,715,716,717,718,719,720,721,722,723,724,725,726,727,728
70,729
71,730
72,731,732,733,734
73,735,736,737,739,741,742,743,744,745,746,747,748,750,751,752,753,754,755,757,758,759,760,762
74,763,764,766,768,770,771,772,773,776,777,779,780,781,782,784,786,789,790
75,791,793,794,795,796,797,799,801,802,803,804,805,806,807,808,809,811,812,815,816,817,818,820,821,822,823,825,828,829,830,831,832,833,835,836,840,841,842,843,848,850,851,852,853,854,855,856,857,859,860,861,862
76,863,864,865,866,868,869,870,871,872,874,875,876,877,878,879,880,881,882,883,884,885,886,887,888,889
77,890
78,891
79,892,893,895
80,896,899,901,907,908,909,910,911,912,913,917,918,919,920,921
81,924,926,930,934,935,936,937,939,941,945,947,948,949,951
82,952,954,955,957,959,962,963,965,967,971,972,977,984,989,994,1002,1004,1005,1007,1014,1015,1021
83,1024,1025,1027,1028,1029,1030,1031,1032,1034,1035,1036,1037,1038,1039,1040,1041,1042,1046,1047,1048,1050
84,1051
85,1052
86,1053,1054,1056
87,1057,1058,1059,1061,1064,1068,1069,1070
88,1085,1086,1088,1089,1090,1091,1094,1096,1097,1098,1102,1103,1105,1106,1108,1109,1110,1111,1112
89,1113,1114,1118,1119,1120,1121,1123,1124,1125,1126,1128,1129,1130,1131,1132,1134,1135,1136,1137,1138,1139,1140,1141,1142,1143,1144,1145,1146,1148,1149,1150,1151,1152,1154,1155,1156,1157,1158,1159,1160,1163,1165,1166,1167,1168,1169,1172,1173,1175,1176,1177,1178,1179,1181,1184
90,1185,1188,1189,1190,1197,1199,1202,1206,1207
91,1212
92,1213
93,1214,1215
94,1218,1219,1220,1221,1222,1223,1224,1225,1226,1227,1228,1229,1230,1231,1232,1233,1234,1235,1236,1237,1238,1239,1240,1241,1242,1243,1244,1245
95,1246,1247,1261,1271
96,1274,1275,1278,1279,1280,1281,1282,1283,1284,1285,1286,1287,1288,1289,1290,1291,1292,1293,1295,1296,1297,1298,1299,1300,1301,1302,1303,1304,1305,1307,1308,1309,1312,1314,1315,1316,1317,1318,1319,1321,1322,1323,1324,1325,1327,1328,1330,1331,1333,1334,1336,1339,1342,1344,1345
97,1346,1347,1348,1349,1350,1351,1352,1353,1354,1355,1356,1357,1358,1359,1360,1361,1363,1364,1365,1366,1367,1368,1369,1370,1371,1372
98,1373
99,1374
100,1375,1376,1378
101,1379,1381,1382,1383,1384,1385,1386,1387,1388,1389,1391,1393,1394,1395,1398,1399,1400,1403,1404,1405,1406
102,1407,1410,1413,1414,1430
103,1435,1436,1437,1439,1442,1443,1446,1447,1448,1450,1452,1454,1455,1456,1458,1459,1460,1461,1462,1463,1464,1466,1467,1468,1469,1470,1471,1472,1473,1474,1475,1477,1478,1479,1480,1481,1483,1484,1487,1488,1489,1490,1492,1493,1495,1496,1497,1498,1500,1503,1504,1505
104,1507,1508,1509,1510,1515,1516,1522,1527,1528,1529,1531,1533
105,1534
106,1535
107,1536,1538,1539
108,1540,1562,1566
109,1568,1569,1571,1572,1573,1575,1576,1577,1578,1579,1580,1581,1582,1583,1584,1585,1586,1587,1588,1589,1590,1591,1592,1594,1595
110,1596,1599,1601,1604,1609,1610,1613,1615,1625,1630,1638,1646,1651,1653,1655,1663,1666
111,1668,1670,1672,1676,1677,1679,1680,1682,1684,1685,1686,1687,1688,1689,1690,1693,1694
112,1695
113,1696
114,1697,1698,1699,1700
115,1701,1706,1713,1719,1721,1724,1725,1726
116,1729,1731,1742,1755
117,1757,1759,1770,1773,1777,1780,1804,1805,1806,1808,1811,1812,1813,1816,1821,1827
118,1829,1832,1838,1840,1847
119,1856
120,1857
121,1858,1859,1860,1861
122,1862,1863,1865,1866,1867,1868,1871,1872,1873,1876,1878,1883,1887,1889
123,1890,1891,1895,1897,1914
124,1918,1920,1923,1924,1929,1930,1931,1932,1939,1941,1943,1947,1949,1953,1955,1958,1960,1963,1965,1967,1970,1971,1972,1974,1980,1982,1988
125,1990,1991,1993,1997,2003,2010
126,2017
127,2018
128,2019,2021
129,2023,2024,2025,2026,2027,2028,2032,2033,2034,2035,2036,2038,2039,2041,2042,2043,2044,2046,2047,2048,2050
130,2051,2052,2053,2054,2055,2057,2058,2059,2060,2061,2062,2064,2066,2069,2070,2071,2072,2073,2077,2078
131,2079,2096,2099,2100,2101,2102,2104,2107,2108,2109,2111,2112,2113,2114,2115,2119,2123,2140,2143,2148
132,2151,2152,2153,2154,2155,2156,2157,2158,2159,2160,2161,2162,2163,2164,2165,2167,2168,2169,2170,2171,2172,2173,2174,2176,2177
133,2178
134,2179
135,2180,2181
136,2184,2185,2186,2190,2191,2192,2194,2195,2197,2199,2200,2201,2202,2203,2204,2205,2206,2207,2208,2209,2211
137,2212,2213,2215,2216,2220,2224,2230,2234,2238,2239
138,2240,2244,2247,2249,2263,2265,2279,2293,2294,2296,2306,2307,2308,2311
139,2312,2314,2315,2316,2318,2319,2320,2321,2322,2324,2325,2327,2328,2329,2330,2331,2332,2334,2335,2336,2337,2338
