32,1
33,2
34,3,4,5
35,7
36,8
37,9,11
38,13,18,21,22
39,23,24,30
40,33,34,35,37,38,39,40,41,43,47,48,50,55,58,62,63,65
41,70,76,78,79,81,82
42,85
43,86
44,87
45,91,93,95,96,98,99,101,102,106,108,115,117,118
46,119,120,123,129,131,132,134,136,141,142,145
47,147,148,149,150,154,155,156,158,159,162,166,169,171,172,173,174,175,178,180,181,182,183,184,185,186,187,189,190,194,195,196,197,198,199,200,201,202,203,204,207,209,210,212,213,216,217,218
48,219,227,231,232,234,236
49,246
50,247
51,248,249,250,251
52,252,254,264,265,269,270,271,276,278
53,280,281,282,283,284,285,286,287,288,289,290,293,296,297,298,299,300,301,302,303,306,307
54,308,312,316,322,323,325,326,329,333,335,338,339,341,342,344,345,347,351,352,353,355,357,358,362,363,364,365,369,370,371,372,374,375
55,380,389
56,407
57,408
58,409,410,411
59,413,414,415,418,419,421,423,424,426,428,429,431,432,434,435,440
60,441,442,443,444,445,448,449,450,451,453,455,458,461,463,464,465,468
61,469,471,476,478,480,481,482,483,484,485,486,487,490,493,494,496,497,498,499,503,504,505,506,508,509,512,513,514,515,517,518,521,522,524,525,527,528,531,532,533,535,536,537,538,540
62,541,545,548,551,552,553,554,556,557,559,560,565,567
63,568
64,569
65,570,572
66,574,575,576,578,581,584,589,592,597,598,601
67,602,606,609,610,611,612,613,617,622,626,627,629
68,630,636,637,638,639,641,643,644,645,648,649,650,651,653,654,656,658,659,661,663,670,671,675,678,679,680,682,690,692,694,696,697,700
69,702,703,706,707,708,709,710,711,714,716,717,718,719,722,724,725,726
70,729
71,730
72,731,732,733,734
73,735,736,738,739,746,750,752,756
74,763,764,765,766,767,768,769,770,771,772,773,774,775,777,778,779,781,782,783,784,785,786,787,788,790
75,791,805,808,817,823,839,844,847,853
76,863,873,878,884
77,890
78,891
79,892,893
80,896,898,899,903,906,910,912,913,918
81,924,925,926,927,928,929,930,931,932,933,934,935,936,937,938,939,940,941,942,943,944,945,946,947,948,949,950,951
82,952,953,955,958,959,960,961,962,965,967,970,971,973,974,976,980,982,983,984,986,987,988,989,991,993,994,999,1001,1002,1004,1006,1007,1008,1011,1012,1014,1015,1019,1020,1021,1022
83,1024,1025,1043
84,1051
85,1052
86,1053,1054,1055,1056
87,1057,1058,1059,1060,1061,1062,1063,1064,1065,1066,1067,1069,1070,1071,1072,1073,1074,1075,1077,1078,1079,1080,1081,1082,1083,1084
88,1085,1086,1087,1088,1089,1090,1091,1093,1096,1097,1101,1102,1103,1108,1109,1110,1112
89,1113,1118,1122,1124,1129,1143,1153,1156,1164,1166,1175
90,1185,1186,1187,1188,1189,1190,1192,1193,1195,1196,1197,1198,1199,1200,1202,1203,1204,1205,1206,1207,1208,1209
91,1212
92,1213
93,1214,1215,1216,1217
94,1218,1220,1221,1222,1224,1225,1226,1229,1231,1234,1236,1237,1238,1243,1244
95,1246,1247,1248,1249,1250,1251,1252,1253,1254,1255,1256,1257,1258,1259,1260,1261,1262,1263,1264,1265,1266,1267,1268,1269,1270,1271,1272
96,1274,1275,1276,1278,1279,1280,1281,1282,1285,1286,1287,1288,1289,1290,1291,1292,1293,1294,1296,1297,1298,1299,1300,1301,1302,1303,1304,1305,1306,1307,1308,1309,1310,1312,1313,1314,1315,1316,1317,1318,1319,1320,1321,1322,1324,1325,1326,1327,1328,1329,1330,1331,1332,1334,1335,1336,1337,1338,1339,1340,1341,1342,1345
97,1346,1347,1348,1349,1350,1351,1352,1353,1354,1356,1357,1358,1359,1361,1362,1363,1364,1365,1366,1367,1370,1371,1372
98,1373
99,1374
100,1375
101,1379,1383,1399,1402,1404
102,1407,1409,1416,1417,1419,1420,1422,1424,1426,1432,1434
103,1435,1437,1438,1439,1443,1445,1446,1448,1450,1452,1458,1459,1460,1462,1463,1465,1466,1470,1471,1472,1478,1483,1486,1488,1489,1491,1494,1495,1498,1500,1501
104,1507,1510,1513,1520,1521,1523,1525,1527,1528,1529,1530,1532,1533
105,1534
106,1535
107,1536,1537,1538,1539
108,1540,1541,1542,1543,1544,1545,1546,1547,1548,1549,1550,1551,1552,1555,1556,1557,1559,1560,1561,1563,1566,1567
109,1568,1569,1570,1571,1572,1573,1574,1575,1576,1577,1578,1579,1580,1581,1582,1583,1584,1585,1586,1587,1588,1590,1591,1592,1593,1594
110,1596,1597,1598,1599,1600,1601,1602,1603,1604,1605,1606,1607,1609,1610,1611,1612,1613,1614,1615,1616,1617,1618,1619,1620,1621,1622,1623,1624,1625,1626,1627,1628,1629,1630,1631,1632,1633,1634,1635,1636,1637,1638,1639,1640,1641,1642,1643,1644,1645,1646,1647,1648,1649,1650,1651,1652,1653,1654,1655,1656,1657,1658,1659,1660,1661,1662,1663,1664,1666,1667
111,1668,1669,1670,1674,1676,1679,1680,1685,1686,1689,1692,1694
112,1695
113,1696
114,1697
115,1701,1702,1704,1705,1707,1708,1710,1713,1714,1715,1717,1719,1720,1722,1723,1725,1726,1727,1728
116,1729,1730,1732,1733,1735,1736,1737,1739,1740,1741,1743,1745,1746,1747,1749,1750,1751,1752,1754,1756
117,1757,1758,1761,1762,1763,1764,1769,1774,1775,1777,1778,1780,1782,1786,1790,1792,1793,1795,1796,1797,1802,1803,1804,1805,1807,1808,1809,1812,1816,1817,1822,1824,1825,1828
118,1829,1831,1832,1833,1834,1835,1836,1838,1839,1842,1843,1846,1853
119,1856
120,1857
121,1858,1859
122,1862,1863,1864,1866,1867,1868,1869,1870,1871,1872,1874,1877,1878,1879,1880,1881,1883,1884,1885,1886,1887,1888
123,1890,1915,1917
124,1918,1923,1925,1926,1927,1928,1933,1936,1937,1939,1940,1941,1945,1946,1947,1949,1950,1952,1953,1955,1958,1960,1962,1963,1964,1965,1967,1968,1969,1970,1975,1976,1978,1979,1980,1981,1983,1985,1987,1988,1989
125,1990,1992,1993,1994,1995,1996,2001,2005,2011,2012,2015,2016
126,2017
127,2018
128,2019,2021,2022
129,2023,2029,2030,2043
130,2051,2052,2054,2055,2056,2057,2058,2059,2060,2062,2063,2064,2065,2067,2068,2069,2071,2072,2073,2074,2075,2076
131,2079,2080,2081,2084,2086,2087,2090,2093,2095,2100,2101,2103,2106,2107,2112,2114,2116,2117,2119,2120,2122,2125,2126,2128,2132,2133,2144,2145,2147,2149
132,2151,2152,2168,2175,2176
133,2178
134,2179
135,2180,2181,2182,2183
136,2184,2185,2190,2191,2192,2193,2195,2198,2202,2204,2206,2207,2208,2209,2211
137,2212,2213,2215,2216,2217,2218,2219,2221,2222,2223,2224,2225,2226,2227,2229,2231,2232,2233,2234,2235,2236,2238,2239
138,2240,2242,2243,2244,2245,2247,2248,2249,2250,2251,2252,2253,2254,2255,2256,2257,2258,2259,2260,2261,2262,2263,2264,2265,2266,2267,2268,2269,2270,2271,2272,2273,2274,2275,2276,2277,2278,2279,2280,2281,2282,2283,2284,2285,2286,2287,2288,2289,2291,2292,2293,2294,2295,2296,2297,2299,2300,2301,2302,2303,2304,2305,2306,2307,2308,2309,2310,2311
139,2312,2313,2314,2315,2316,2317,2318,2320,2323,2324,2327,2328,2331,2332,2335,2337
