256,1
257,2
258,3,6
259,7
260,8
261,9
262,10,11,12,13
263,14,15,16,17,18,19,20,22
264,24,32
265,34,35,36,37,38,39,40,41,42,43,44,45,46,48,49,50,51,52,53,54,56,57,58,60,61,63,64,65,66,67,68,70
266,71,72,73,74
267,75,76,77,78,79,80,81,82,83
268,85
269,86
270,87,88,89,90
271,91,92,96,98,104,105,106,109,110
272,114,115,116,118,119,120,123,125,127,129,130,131,132,134,135,136
273,137,142,143,146,147,153,154,158,159,160,161,164,167,168,170,171,172,176,179,183,187,191,193,196,197,198
274,199,200,201,202,203,204,205,206,207,208,209
275,213,215,219,220,223,224,225,228
276,229
277,230
278,231,232,233,234
279,235,237,238,239,240,242,244,245,246,247,248,249,251,252,254,255,256,257
280,258,259,260,261,264,265,267,271,275,276,277,280
281,281,282,283,284,285,286,287,288,289,290,291,292,293,294,295,296,297,298,299,300,301,302,303,304,305,306,307,308,310,311,312,313,314,315,316,317,318,319,320,321,322,324,325,326,327,328,329,330,331,332,333,334,335,336,337,338,339,340,341,342
282,343,344,346,347,350,352,354,355
283,357,359,362,366,370,371
284,373
285,374
286,375,376,377
287,379,380,383,385,386,387,388,389,397,398,399
288,402,417,421
289,425,431,438,446,454,463,479,483,485
290,487,495,497,500
291,501
292,517
293,518
294,519,520,521
295,523,527
296,546,550,551,553,554,555,557,558,560,564,567
297,569,589,590,591,598,599,600,609,617,619,629,630
298,631,632,634,636,638,642,643,644
299,645,650,651,659,660
300,661
301,662
302,663,664,665,666
303,667,687,689
304,690,692,694,695,697,704,705,706,711
305,713,715,717,718,719,721,722,723,725,728,729,730,731,732,733,734,735,736,738,741,743,750,751,753,755,756,757,758,760,761,762,763,766,767,768,769,773
306,775,776,778,781,782,783,785,786,787,788
307,789,801
308,805
309,806
310,807,808,809,810
311,811,812,814,818,819,820,823,824,827,828,829,830,833
312,834,836,844,845,846,854,855
313,857,858,859,860,861,863,864,865,866,867,869,870,871,872,873,874,875,876,877,878,880,881,882,883,884,885,887,888,889,890,891,892,893,894,895,896,897,899,900,901,902,903,904,905,906,907,909,910,911,912,913,914,915,916,917
314,919,920,925,927,928,930,932
315,933,936,938,939,941,943,944,947
316,949
317,950
318,951,952,954
319,955,956,957,959,960,961,962,963,964,965,966,968,969,970,975
320,978,985
321,1001,1002,1004,1005,1007,1008,1009,1010,1011,1012,1013,1014,1016,1017,1018,1020,1022,1024,1025,1026,1028,1029,1030,1031,1032,1034,1036,1038,1039,1040,1041,1043,1044,1045,1046,1047,1048,1049,1050,1051,1053,1054,1055,1057,1059,1061,1062
322,1063,1068,1069,1070,1071,1075
323,1077,1079,1083,1086,1087,1088
324,1093
325,1094
326,1095,1098
327,1099,1102,1103,1105,1106,1108,1109,1110,1111,1114,1115,1118,1119,1120
328,1122,1125,1127,1129,1130,1131,1132,1133,1134,1135,1136,1138,1139,1140,1143
329,1145,1163,1193
330,1207,1208,1209,1210,1211,1212,1215,1217
331,1221,1222,1223,1224,1225,1226,1227,1228,1229,1230,1231,1232,1233,1234,1235,1236
332,1237
333,1238
334,1239,1240,1241
335,1243,1254
336,1266,1268,1276,1280,1283
337,1289,1290,1294,1295,1298,1299,1303,1304,1306,1316,1318,1322,1323,1324,1325,1326,1329,1331,1334,1335,1337,1338,1340,1341,1344,1345,1346,1348,1350
338,1351,1352,1353,1354,1355,1356,1357,1358,1359,1360,1361,1363,1364
339,1365,1370,1372,1374,1376,1378
340,1381
341,1382
342,1383,1384
343,1387,1403,1404,1408
344,1410,1414,1418,1420,1428
345,1433,1456,1464,1467,1468,1475,1484,1485,1487,1492,1494
346,1495,1502,1503,1505,1506,1507,1508
347,1509,1510,1511,1512,1513,1514,1515,1516,1517,1518,1520,1522,1523
348,1525
349,1526
350,1527,1529
351,1531,1532,1533,1537,1538,1539,1540,1541,1542,1545,1549,1550,1552,1553
352,1554,1558,1560,1565,1566,1568,1575,1576
353,1577,1579,1580,1581,1583,1584,1587,1589,1593,1594,1598,1601,1602,1605,1607,1608,1609,1611,1612,1614,1615,1616,1618,1619,1620,1622,1623,1624,1625,1628,1630,1636,1637,1638
354,1639,1640,1641,1644,1645,1647,1648,1649,1650,1651,1652
355,1653,1656,1657,1658,1659,1662,1663,1666,1667
356,1669
357,1670
358,1671,1673
359,1675,1676,1678,1679,1680,1681,1682,1683,1684,1685,1686,1687,1688,1689,1690,1691,1692,1694,1695,1696,1697
360,1698,1701,1702,1703,1704,1705,1706,1707,1708,1709,1710,1711,1712,1713,1714,1715,1716,1718,1719,1720
361,1721,1722,1723,1725,1726,1727,1728,1731,1732,1733,1736,1737,1739,1740,1741,1743,1744,1745,1746,1747,1748,1749,1751,1752,1753,1755,1756,1758,1759,1760,1761,1762,1763,1764,1765,1766,1767,1769,1770,1771,1772,1773,1774,1775,1776,1777,1778,1779,1780,1781
362,1783,1784,1785,1786,1788,1790,1791,1793,1794,1795
363,1797,1802,1803,1804,1808,1809,1811
364,1813
365,1814
366,1815,1816,1817,1818
367,1819,1820,1822,1824,1825,1830,1831,1832,1836,1837,1838,1839,1840
368,1842,1844,1845,1846,1847,1848,1849,1851,1852,1853,1855,1856,1857,1860,1863
369,1865,1866,1871,1873,1876,1882,1885,1888,1895,1912
370,1927,1928,1929,1930,1931,1934,1935,1936,1937,1939
371,1941,1945,1947,1948,1950
372,1957
373,1958
374,1959,1960
375,1963,1964,1966,1967,1968,1969,1970,1971,1972,1973,1974,1975,1976,1977,1978,1979,1980,1981,1982,1983,1984,1985
376,1986,1993,1995,1997,2001,2002,2003,2004
377,2009,2013,2015,2020,2028,2034,2035,2039,2042,2046,2054,2055,2056,2057,2063,2064,2067,2070
378,2071,2072,2075,2076,2077,2080,2082
379,2085,2086,2087,2089,2090,2091,2095,2096,2097,2098,2100
380,2101
381,2102
382,2103,2104,2105,2106
383,2107,2109,2110,2113,2114,2117,2119,2120,2121,2122,2124,2127,2128,2129
384,2130,2131,2134,2135,2136,2137,2141,2142,2143,2144,2145,2150,2151
385,2153,2159,2163,2166,2169,2171,2174,2183,2186,2192,2194,2195,2196,2198,2200,2201,2204
386,2215,2216,2217,2219,2222,2223,2224,2227,2228
387,2229,2230,2231,2232,2233,2234,2235,2237,2239,2241,2242,2243,2244
388,2245
389,2246
390,2247,2248,2249
391,2251,2253,2255,2260,2261,2262,2263,2264,2265,2267,2272
392,2274,2278,2280,2281,2282,2283,2284,2285,2288,2291,2292,2294,2296
393,2297,2298,2301,2304,2307,2310,2316,2318,2320,2325,2331,2332,2333,2334,2340,2342,2343,2345,2355,2357
394,2359,2362,2363,2364,2365,2370,2371
395,2373,2374
396,2389
397,2390
398,2391,2393
399,2395,2397,2401,2403,2405,2408,2411,2412,2416
400,2418,2422,2423,2427,2428,2429,2430,2437,2439
401,2441,2445,2447,2449,2450,2467,2468,2469,2470,2471,2481,2482,2486,2490,2495,2496,2499,2500,2501
402,2503,2504,2505,2507,2508,2509,2510,2511,2512,2513,2514,2515,2516
403,2517,2518,2519,2520,2521,2522,2523,2524,2525,2526,2527,2528,2529,2530,2531,2532
404,2533
405,2534
406,2535,2536,2537
407,2539,2541,2546,2558,2559,2560
408,2562,2563,2564,2566,2567,2568,2569,2570,2571,2572,2573,2574,2575,2576,2577,2578,2579,2580,2582,2583,2584
409,2585,2586,2588,2589,2590,2591,2594,2596,2598,2599,2601,2602,2603,2604,2605,2607,2610,2614,2615,2616,2618,2620,2621,2624,2628,2629,2630,2631,2632,2634,2635,2636,2637,2638,2639,2640,2642,2643,2644,2645
410,2647,2648,2649,2652,2653,2655,2657
411,2661,2662,2663,2664,2665,2666,2667,2668,2669,2670,2671,2672,2673,2675,2676
412,2677
413,2678
414,2679,2680,2681
415,2683,2686,2687,2688,2689,2690,2691,2692,2693,2694,2695,2696,2697,2698,2700,2701,2702,2703,2704,2705
416,2706,2712,2714,2715,2717,2723,2727
417,2729,2738,2739,2740,2742,2743,2744,2746,2747,2750,2753,2754,2755,2760,2761,2762,2764,2765,2768,2771,2772,2773,2774,2775,2776,2777,2778,2781,2782,2788,2790
418,2791,2792,2793,2796,2797,2798,2801
419,2805,2806,2807,2808,2810,2812,2813,2814,2815,2817,2818,2820
420,2821
421,2822
422,2823,2824
423,2827,2829,2836,2837,2846
424,2850,2851,2852,2854,2858,2862,2863,2872
425,2873,2874,2875,2877,2878,2880,2881,2882,2883,2884,2886,2887,2888,2889,2891,2894,2895,2898,2899,2900,2903,2906,2907,2910,2912,2913,2914,2917,2918,2920,2921,2922,2925,2926,2927,2930,2931,2932,2933,2934
426,2935,2939,2946
427,2949,2955,2960
428,2965
429,2966
430,2967,2968,2969
431,2971,2972,2973,2974,2976,2977,2978,2979,2980,2981,2983,2984,2985,2987,2988,2989,2991,2993
432,2994,2995,2997,2998,3001,3005,3006,3009,3010,3012,3013,3014,3016
433,3017,3018,3020,3021,3023,3025,3027,3030,3031,3032,3037,3038,3041,3042,3044,3046,3047,3048,3049,3054,3057,3058,3059,3060,3061,3065,3067,3068,3069,3070,3074,3078
434,3079,3080,3081,3082,3083,3084,3085,3086,3087,3088,3089,3090,3091,3092
435,3093,3094,3096,3097,3098,3099,3100,3101,3103,3104,3105,3106,3107
436,3109
437,3110
438,3111,3113
439,3115,3116,3118,3119,3121,3122,3123,3125,3126,3127,3129,3130,3131,3132,3133,3135,3137
440,3138,3140,3141,3146,3147,3148,3149,3150,3154,3157,3158,3159
441,3161,3162,3163,3164,3165,3167,3168,3169,3170,3171,3172,3173,3174,3175,3176,3177,3178,3179,3180,3181,3182,3183,3184,3185,3186,3187,3188,3189,3190,3191,3192,3193,3194,3195,3196,3197,3198,3199,3201,3202,3203,3204,3205,3206,3207,3208,3209,3210,3211,3212,3214,3215,3216,3217,3218,3219,3220,3221,3222
442,3223,3224,3225,3226,3227,3228,3232,3233,3234,3235,3236
443,3237,3240,3242,3243,3247,3248,3249,3250,3251
444,3253
445,3254
446,3255,3256
447,3259,3260,3261,3264,3265,3266,3267,3268,3269,3270,3271,3273,3274,3276,3277,3278,3279,3280,3281
448,3282,3285,3286,3287,3289,3290,3292,3293,3295,3296,3297,3298,3299,3300,3301,3302,3304
449,3305,3306,3308,3309,3313,3314,3315,3316,3318,3319,3320,3321,3322,3324,3325,3326,3327,3329,3331,3333,3335,3336,3337,3338,3339,3340,3343,3344,3347,3349,3350,3351,3352,3354,3355,3357,3358,3359,3363,3364,3365
450,3367,3369,3370,3371,3372,3373,3374,3375,3376,3377,3378,3379
451,3381,3383,3385,3386,3387,3388,3390,3392,3394,3395,3396
452,3397
453,3398
454,3399,3400,3401
455,3403,3405,3408,3411,3419,3425
456,3426,3427,3428,3429,3430,3434,3435,3442,3443,3446,3447
457,3449,3487,3490,3503,3506
458,3511,3517,3524
459,3525,3527,3529,3531,3534,3538
460,3541
461,3542
462,3543,3544,3545,3546
463,3547,3549
464,3570,3580
465,3593,3594,3595,3596,3597,3599,3600,3601,3602,3603,3604,3605,3606,3607,3608,3609,3611,3612,3613,3614,3615,3616,3617,3618,3619,3620,3622,3623,3624,3625,3626,3627,3628,3630,3631,3632,3633,3634,3636,3637,3638,3639,3640,3641,3642,3643,3644,3646,3647,3649,3650,3651,3652,3653,3654
466,3655,3658,3659,3660,3661,3662,3663,3664,3665,3667,3668
467,3669,3672,3673,3675,3676,3677,3678,3679,3681,3683,3684
468,3685
469,3686
470,3687,3689
471,3691,3697
472,3714,3731
473,3737,3738,3741,3742,3745,3746,3754,3756,3758,3764,3765,3766,3769,3772,3774,3776,3780,3782,3783,3791,3792,3793,3795,3797,3798
474,3799,3800,3801,3802,3803,3804,3805,3806,3807,3808,3809,3810,3811,3812
475,3813,3814,3816,3818,3826
476,3829
477,3830
478,3831
479,3835,3837,3838,3839,3841,3842,3843,3844,3845,3846,3848,3849,3851,3852,3853,3854,3856,3857
480,3858,3859,3863,3878,3879
481,3881,3882,3884,3887,3889,3892,3895,3896,3898,3899,3901,3902,3905,3906,3912,3914,3918,3919,3924,3925,3926,3930,3931,3937,3941,3942
482,3943,3944,3945,3946,3947,3948,3949,3950,3953,3954,3955,3956
483,3957,3958,3959,3960,3961,3962,3963,3964,3965,3966,3967,3968,3969,3970,3971,3972
484,3973
485,3974
486,3975,3976,3977,3978
487,3979,3980,3982,3983,3984,3986,3987,3988,3989,3990,3993,3994,3995,3996,3997,3998,4001
488,4002,4003
489,4025,4027,4028,4031,4032,4033,4034,4036,4039,4040,4041,4042,4044,4045,4046,4048,4049,4050,4052,4053,4054,4056,4058,4059,4061,4062,4063,4064,4065,4066,4067,4070,4071,4073,4075,4076,4080,4081,4083
490,4087,4089,4090,4091,4092,4094,4096,4099,4100
491,4101,4103,4104,4109,4110,4112,4114
492,4117
493,4118
494,4119,4120,4121,4122
495,4123,4136,4140
496,4146,4151,4156,4158,4164
497,4169,4170,4171,4172,4173,4174,4175,4176,4177,4178,4180,4181,4182,4183,4185,4186,4187,4188,4189,4190,4192,4193,4194,4196,4197,4198,4201,4202,4203,4204,4205,4206,4207,4209,4210,4211,4212,4213,4214,4216,4217,4219,4220,4221,4222,4223,4224,4225,4226,4227,4230
498,4231,4232,4235,4241
499,4245,4247,4248,4249,4250,4251,4252,4253,4255,4257,4258,4259,4260
500,4261
501,4262
502,4263,4264,4265,4266
503,4267,4268,4272,4273,4274,4275,4276,4277,4278,4279,4280,4281,4282,4283,4284,4286,4287,4288,4289
504,4290,4291,4292,4294,4296,4297,4298,4299,4301,4302,4303,4304,4305,4306,4307,4308,4309,4310,4311,4312
505,4313,4314,4334,4339,4356,4366,4370
506,4375,4377,4378,4380,4382,4385,4387,4388
507,4389,4391,4394,4395,4396,4397,4401,4402,4403,4404
508,4405
509,4406
510,4407,4409
511,4411,4413,4415,4417,4424,4427,4429,4430,4431,4432
512,4434,4436,4441
513,4457,4458,4459,4462,4463,4466,4486,4489,4490,4494,4495,4496,4508,4510
514,4519,4520,4521,4528,4530,4532
515,4533,4535,4536,4537,4541,4544,4545,4548
516,4549
517,4550
518,4551,4552,4553,4554
519,4555,4557,4559
520,4578,4579,4583,4584,4585,4587,4589,4591,4592,4594,4595,4596,4598
521,4601,4606,4611,4612,4617,4621,4623,4624,4625,4629,4630,4631,4632,4633,4634,4637,4639,4640,4641,4651,4653,4654,4656,4657,4659,4661
522,4663,4664,4665,4666,4668,4671,4672,4674
523,4677,4679,4680,4681,4682,4683,4684,4685,4686,4687,4688,4690,4691,4692
524,4693
525,4694
526,4695,4697
527,4699,4700,4701,4703,4704,4705,4706,4707,4712,4713,4714,4715,4716,4719,4720
528,4722,4723,4724,4726,4727,4728,4729,4730,4731,4732,4733,4734,4735,4736,4737,4738,4739,4740,4742,4743,4744
529,4745,4748,4749,4754,4755,4756,4757,4762,4763,4764,4765,4767,4768,4771,4773,4775,4776,4779,4782,4787,4788,4791,4792,4794,4797,4802,4805
530,4807,4815,4818
531,4821,4823,4825,4827,4829,4831,4833,4836
532,4837
533,4838
534,4839,4841,4842
535,4843,4845,4848,4856,4857,4858,4859,4862
536,4866,4867,4868,4871,4874,4876,4880,4885,4886,4888
537,4889,4891,4892,4893,4894,4895,4896,4897,4898,4900,4901,4906,4908,4909,4910,4911,4912,4913,4915,4916,4917,4918,4920,4921,4923,4924,4925,4927,4930,4931,4933,4935,4937,4938,4939,4942,4943,4944,4945,4947,4948
538,4951,4960
539,4965,4967,4974,4976,4977
540,4981
541,4982
542,4983,4984,4985,4986
543,4987,4998,5001,5002,5004,5006,5007
544,5010,5012,5013,5032
545,5033,5034,5037,5038,5040,5041,5042,5043,5045,5046,5048,5049,5050,5051,5052,5054,5055,5056,5057,5059,5068,5069,5072,5073,5075,5077,5079,5082,5083,5084,5086,5089,5093,5094
546,5095,5108
547,5109,5110,5111,5112,5115,5116,5119,5120,5123
548,5125
549,5126
550,5127,5130
551,5131,5134,5137,5139,5140,5145,5146,5147,5148,5149,5150,5153
552,5154,5157,5159,5163,5164,5168,5170,5172,5175
553,5177,5178,5179,5180,5181,5184,5185,5187,5188,5189,5190,5192,5196,5197,5198,5200,5203,5204,5207,5208,5211,5212,5214,5215,5217,5218,5219,5221,5222,5224,5226,5227,5228,5229,5230,5232,5234,5236,5238
554,5239,5240,5242,5243,5244,5247,5248,5249,5250,5252
555,5253,5254,5255,5256,5257,5258,5259,5260,5261,5262,5263,5264,5265,5266,5267,5268
556,5269
557,5270
558,5271,5272,5274
559,5275,5276,5277,5278,5279,5280,5281,5282,5283,5284,5285,5286,5287,5288,5289,5290,5291,5292,5293,5294,5295,5296,5297
560,5298,5303,5304,5305,5306,5308,5309,5311,5312,5314,5315,5316,5317,5318,5319,5320
561,5321,5322,5323,5324,5325,5326,5327,5328,5329,5330,5331,5332,5333,5334,5335,5337,5339,5340,5341,5342,5343,5344,5345,5346,5347,5348,5349,5350,5351,5352,5354,5355,5356,5357,5358,5359,5361,5362,5363,5364,5365,5366,5367,5368,5369,5370,5371,5372,5373,5374,5375,5376,5377,5378,5379,5381,5382
562,5383,5384,5385,5390,5392,5393,5396
563,5397,5398,5400,5402,5403,5404,5405,5406,5407,5408,5410,5412
564,5413
565,5414
566,5415,5417
567,5419,5420,5421,5424,5428,5429,5430,5431,5432,5435,5438,5440
568,5442,5444,5445,5446,5448,5450,5451,5453,5454,5455,5456,5459,5460,5463,5464
569,5465,5467,5469,5470,5471,5472,5474,5475,5476,5477,5478,5479,5480,5481,5482,5483,5484,5485,5486,5487,5488,5489,5491,5492,5493,5494,5495,5496,5497,5498,5499,5500,5501,5502,5503,5504,5505,5506,5507,5508,5509,5510,5511,5512,5513,5515,5516,5517,5518,5519,5520,5522,5523,5524,5525
570,5527,5534
571,5541,5543,5545
572,5557
573,5558
574,5559,5561,5562
575,5563,5565,5566,5567,5568,5569,5570,5572,5573,5575,5576,5577,5580,5581,5582,5583,5585
576,5586,5587,5588,5589,5590,5591,5592,5593,5594,5595,5596,5597,5598,5601,5602,5603,5604,5605,5606,5607,5608
577,5609,5610,5611,5612,5613,5615,5616,5618,5619,5620,5622,5623,5624,5626,5629,5630,5632,5633,5634,5635,5636,5637,5640,5641,5642,5643,5644,5646,5647,5649,5651,5652,5653,5655,5657,5658,5659,5661,5664,5665,5666,5667,5669,5670
578,5671,5672,5673,5674,5676,5677,5678,5679,5680,5681,5682,5683,5684
579,5685,5686,5688,5689,5690,5691,5692,5695,5696,5700
580,5701
581,5702
582,5703,5706
583,5707,5708,5709,5710,5711,5712,5713,5714,5715,5716,5717,5718,5719,5720,5721,5722,5723,5724,5725,5726,5727,5728,5729
584,5730,5740,5742,5743,5744,5752
585,5753,5754,5763,5769,5770,5772,5776,5779,5780,5784,5789,5790,5791,5794,5796,5797,5799,5800,5801,5804,5808,5809,5813
586,5815,5816,5817,5819,5820,5822,5823,5824,5825,5826,5827,5828
587,5829,5830,5831,5832,5834,5838,5842,5843
588,5845
589,5846
590,5847,5848,5849,5850
591,5851,5852,5853,5855,5856,5858,5860,5861,5862,5864,5866,5867,5868,5869,5870,5871,5873
592,5874,5877,5878,5880,5881,5882,5883,5884,5885,5887,5889,5890,5891
593,5897,5898,5899,5900,5901,5902,5903,5904,5905,5906,5907,5908,5909,5911,5912,5913,5914,5915,5916,5917,5918,5919,5920,5921,5922,5923,5924,5926,5927,5928,5929,5931,5932,5934,5935,5936,5937,5938,5939,5940,5941,5943,5944,5945,5946,5947,5948,5949,5950,5951,5952,5953,5954,5955,5956,5957,5958
594,5959,5960,5961,5964,5967,5968,5969,5970,5971,5972
595,5973,5974,5975,5976,5978,5979,5980,5982,5983,5984,5985,5986,5987,5988
596,5989
597,5990
598,5991,5992
599,5995,5996,5999,6000,6001,6002,6003,6005,6007,6008,6009,6010,6011,6012,6013,6015,6016,6017
600,6018,6019,6020,6021,6022,6023,6024,6025,6026,6027,6028,6029,6030,6031,6032,6033,6034,6035,6036,6037,6038,6039,6040
601,6041,6043,6044,6045,6047,6048,6049,6050,6051,6052,6053,6054,6055,6056,6057,6058,6059,6060,6061,6062,6063,6065,6066,6067,6068,6069,6070,6071,6072,6073,6074,6075,6076,6077,6078,6079,6080,6081,6082,6083,6084,6085,6086,6087,6089,6090,6091,6092,6094,6095,6096,6097,6098,6099,6100,6102
602,6103,6104,6105,6106,6107,6108,6109,6110,6111,6112,6114,6115,6116
603,6117,6118,6120,6121,6123,6124,6125,6127,6129,6131,6132
604,6133
605,6134
606,6135,6136,6138
607,6139,6141,6142,6143,6144,6146,6147,6150,6151,6152,6153,6154,6156,6157,6158,6160,6161
608,6162,6166,6167,6168,6170,6171,6172,6174,6175,6176,6177,6179,6180,6181,6182,6183,6184
609,6185,6186,6187,6188,6192,6193,6194,6195,6196,6197,6198,6199,6200,6201,6202,6203,6204,6205,6208,6209,6210,6211,6212,6213,6214,6215,6217,6219,6220,6221,6222,6223,6224,6225,6226,6227,6228,6230,6231,6233,6234,6235,6236,6237,6238,6241,6242,6243,6244,6246
610,6247,6248,6249,6251,6253,6254,6255,6256,6258
611,6261,6262,6268,6269,6271,6273,6275,6276
612,6277
613,6278
614,6279,6280,6282
615,6283,6284,6285,6286,6288,6289,6290,6291,6292,6293,6294,6295,6296,6297,6298,6300,6302,6303,6304,6305
616,6306,6307,6308,6309,6310,6311,6312,6313,6315,6316,6317,6319,6320,6321,6322,6323,6325,6326,6328
617,6329,6330,6331,6332,6333,6334,6335,6336,6337,6338,6339,6340,6341,6342,6343,6344,6345,6346,6347,6348,6349,6350,6351,6352,6353,6354,6355,6356,6357,6358,6359,6360,6361,6362,6363,6364,6365,6366,6367,6368,6369,6370,6371,6372,6373,6374,6375,6376,6377,6378,6379,6380,6381,6382,6383,6384,6385,6386,6387,6388,6389,6390
618,6391,6392,6394,6398
619,6405,6406,6407,6408,6409,6411,6412,6413,6414,6415,6416,6417,6418,6420
620,6421
621,6422
622,6423,6424,6425,6426
623,6427,6439,6440,6445,6449
624,6450,6456,6460,6466
625,6473,6480,6487,6497,6517,6518
626,6535,6536,6537,6539,6540,6541,6542,6546
627,6549,6550,6551,6552,6554,6555,6557,6562
628,6565
629,6566
630,6567,6570
631,6571,6572,6576,6577,6580,6588,6593
632,6594,6596,6601,6606,6611,6613,6614,6616
633,6617,6618,6620,6621,6624,6626,6627,6628,6629,6630,6631,6632,6633,6634,6636,6637,6638,6641,6644,6645,6648,6649,6651,6652,6654,6655,6656,6657,6658,6659,6660,6662,6664,6665,6666,6667,6668,6669,6670,6671,6672,6673,6674,6675,6676,6678
634,6679,6680,6681,6683,6684,6685,6686,6688,6689,6690,6691,6692
635,6693,6695,6696,6697,6698,6699,6700,6702,6705,6706,6707,6708
636,6709
637,6710
638,6711,6712,6713,6714
639,6715,6724,6727,6729
640,6738,6740,6742,6743,6744,6745,6748,6749,6750,6752,6753,6756,6757,6759,6760
641,6761,6762,6764,6766,6767,6768,6771,6773,6775,6776,6777,6778,6779,6780,6782,6784,6785,6786,6787,6788,6791,6793,6796,6797,6798,6799,6801,6802,6803,6805,6806,6807,6808,6809,6810,6813,6815,6816,6817,6818,6819,6822
642,6823,6830
643,6837,6838,6839,6841,6842,6844,6847,6848,6850,6851
644,6853
645,6854
646,6855,6856,6857
647,6859,6860,6861,6862,6864,6865,6866,6867,6869,6870,6871,6872,6873,6874,6875,6876,6878,6881
648,6882,6883,6884,6885,6886,6887,6891,6896,6897,6899,6903,6904
649,6905,6912,6916,6917,6918,6920,6923,6924,6925,6927,6933,6939,6941,6944,6945,6951,6956,6960,6962,6965
650,6967,6968,6971,6973,6975,6980
651,6981,6982,6983,6984,6985,6989,6990,6995,6996
652,6997
653,6998
654,6999,7000,7001,7002
655,7003,7004,7005,7006,7008,7009,7010,7011,7012,7013,7015,7016,7017,7018,7021,7022,7025
656,7026,7027,7028,7030,7032,7034,7035,7036,7037,7038,7041,7044,7045,7048
657,7049,7054,7057,7058,7061,7063,7064,7065,7066,7069,7071,7073,7074,7075,7077,7079,7080,7081,7084,7085,7086,7090,7092,7095,7099,7101,7103,7105,7106
658,7111,7112,7114,7115,7117,7118,7119,7121,7122,7123,7124
659,7125,7127,7128,7129,7130,7131,7132,7133,7134,7135,7136,7139,7140
660,7141
661,7142
662,7143,7144,7145,7146
663,7147,7148,7154,7155,7160,7163
664,7170,7176,7189
665,7193,7194,7197,7198,7201,7202,7203,7206,7207,7213,7214,7215,7217,7218,7222,7223,7226,7228,7229,7235,7236,7237,7238,7244,7245,7246,7247,7250,7251,7253
666,7255,7256,7257,7258,7259,7260,7261,7262,7264,7265,7266,7267
667,7269,7270,7271,7272,7273,7274,7275,7277,7279,7280,7281,7282,7283,7284
668,7285
669,7286
670,7287,7290
671,7291,7293,7295,7299,7301,7302,7304,7305,7307,7308,7312
672,7314,7326,7333,7335
673,7337,7338,7339,7340,7343,7344,7345,7346,7347,7349,7355,7356,7365,7369,7370,7371,7376,7378,7379,7384,7387,7391,7392,7395
674,7399,7403,7405,7406,7409,7410,7411,7412
675,7413,7414,7416,7417,7420,7422,7423,7426,7427
676,7429
677,7430
678,7431,7433
679,7435,7437,7443,7445,7446,7447,7448,7449,7451,7452,7455
680,7458,7461,7462,7464,7466,7468,7470,7472,7477,7478,7479
681,7481,7484,7485,7486,7489,7492,7493,7494,7495,7496,7497,7498,7500,7501,7502,7503,7504,7505,7506,7507,7510,7511,7512,7513,7514,7515,7516,7520,7521,7522,7525,7527,7528,7529,7530,7531,7534,7535,7536,7537,7538,7540,7542
682,7543,7544,7545,7546,7547,7548,7549,7550,7551,7552,7553,7554,7555,7556
683,7557,7569
684,7573
685,7574
686,7575,7578
687,7579,7580,7581,7582,7583,7584,7585,7586,7587,7588,7589,7590,7591,7592,7593,7594,7595,7596,7598,7599,7600,7601
688,7602,7603,7604,7605,7606,7607,7608,7609,7610,7611,7612,7613,7614,7615,7616,7617,7618,7619,7620,7622,7623
689,7625,7626,7628,7629,7630,7632,7634,7635,7636,7637,7638,7639,7640,7641,7643,7644,7645,7646,7649,7650,7652,7653,7655,7656,7659,7660,7664,7665,7666,7667,7669,7671,7672,7673,7674,7675,7677,7678,7680,7682,7683,7685
690,7687,7693,7694
691,7701,7702,7703,7704,7706,7707,7708,7709,7710,7711,7712,7713,7714,7716
692,7717
693,7718
694,7719,7720,7721,7722
695,7723,7724,7731,7736
696,7746,7748,7749,7751,7754,7755,7756,7757,7759,7763,7765,7768
697,7769,7797,7808,7816
698,7831,7834,7835,7838,7839,7840,7843,7844
699,7845,7846,7847,7849,7850,7852,7853,7854,7855,7856,7858,7859
700,7861
701,7862
702,7863,7865,7866
703,7867,7879,7880,7881,7884
704,7890,7891,7892,7893,7894,7895,7896,7897,7898,7899,7900,7901,7902,7903,7905,7907,7908,7909,7910,7911,7912
705,7913,7945,7946,7954,7956,7970,7971,7972,7973
706,7975,7982
707,7989,7990,7992,8000,8001
708,8005
709,8006
710,8007,8008,8009
711,8011,8012,8016,8017,8020,8021
712,8034,8035,8036,8037,8039,8040,8041,8042,8044,8045,8046,8047,8048,8049,8050,8051,8052,8053,8054,8055,8056
713,8057,8058,8060,8064,8075,8076,8077,8078,8081,8082,8083,8088,8089,8094,8095,8099,8106,8108,8109,8110,8113,8115
714,8119,8120,8121,8122,8123,8125,8126,8127,8128,8129,8130,8131,8132
715,8133,8141
716,8149
717,8150
718,8151,8152,8154
719,8155,8156,8157,8158,8163,8166,8167,8173,8175,8176
720,8178,8193
721,8201,8214,8215,8217,8219,8221,8222,8225,8227,8229,8232,8238,8243,8250,8252,8255,8256,8260
722,8263,8264,8265,8266,8267,8268,8269,8270,8271,8272,8273,8274,8275,8276
723,8277,8278,8279,8280,8281,8282,8283,8284,8285,8287,8288,8289,8290,8291,8292
724,8293
725,8294
726,8295,8297,8298
727,8299,8300,8302,8303,8308,8314
728,8322,8324,8325,8326,8327,8329,8330,8331,8332,8334,8335,8338,8339,8340,8341,8342,8343,8344
729,8345,8346,8347,8348,8349,8350,8351,8352,8353,8354,8355,8356,8357,8358,8360,8361,8362,8364,8365,8366,8367,8368,8370,8371,8372,8373,8374,8375,8377,8378,8379,8380,8381,8382,8383,8384,8385,8386,8387,8389,8390,8391,8392,8393,8394,8395,8396,8398,8400,8401,8402,8405,8406
730,8407,8419
731,8421,8422,8424,8426,8427,8428,8429,8434,8436
732,8437
733,8438
734,8439,8440,8441,8442
735,8443,8444,8445,8446,8447,8450,8451,8452,8453,8454,8457,8459,8460,8461,8464,8465
736,8466,8476,8477,8488
737,8489,8492,8493,8503,8540,8544
738,8551,8552,8554,8556,8560,8562,8563
739,8565,8570,8573,8574,8575,8576
740,8581
741,8582
742,8583,8584,8585,8586
743,8587,8588,8600
744,8610,8612,8613,8615,8616,8617,8618,8620,8621,8622,8623,8624,8625,8629,8630,8631,8632
745,8633,8635,8636,8644,8647,8648,8652,8655,8656,8657,8661,8664,8665,8666,8668,8669,8673,8675,8676,8677,8678,8680,8682,8683,8684,8686,8687,8689,8690,8693,8694
746,8695,8696,8697,8699,8700,8701,8702,8706,8707,8708
747,8709,8710,8711,8713,8718,8719,8720,8721,8722
748,8725
749,8726
750,8727,8729,8730
751,8731,8733,8738,8739,8740,8743,8745,8747,8748,8749,8750,8751
752,8754,8755,8756,8758,8760,8761,8762,8763,8764,8765,8766,8767,8769,8773,8774,8775,8776
753,8777,8778,8779,8780,8781,8782,8783,8784,8785,8786,8787,8788,8789,8790,8791,8792,8793,8794,8795,8796,8797,8798,8799,8800,8801,8802,8803,8804,8805,8806,8807,8808,8809,8810,8811,8812,8813,8814,8815,8816,8817,8818,8819,8820,8822,8823,8824,8825,8826,8827,8828,8829,8830,8831,8832,8833,8834,8835,8836,8837,8838
754,8839,8841,8844,8845,8846,8848,8849,8851,8852
755,8853,8854
756,8869
757,8870
758,8871,8872,8874
759,8875,8880,8881,8882,8883,8884,8887,8888,8890,8892,8894,8895,8896,8897
760,8898,8900,8901,8902,8907,8911,8914,8915,8918,8919,8920
761,8921,8922,8923,8924,8925,8931,8932,8933,8934,8935,8936,8937,8938,8939,8940,8944,8945,8947,8948,8949,8950,8951,8952,8953,8954,8956,8957,8958,8959,8961,8962,8963,8964,8966,8967,8968,8970,8971,8972,8973,8974,8976,8977,8978,8979,8981,8982
762,8983,8986,8988,8993,8994
763,8997,9005,9006
764,9013
765,9014
766,9015,9017,9018
767,9019,9020,9023,9024,9025,9027,9028,9029,9030,9032,9033,9039,9041
768,9042,9046,9047,9049,9050,9051,9052,9055,9056,9061,9062,9063,9064
769,9065,9071,9083,9085,9086,9089,9095,9097,9103,9110,9125
770,9127,9128,9129,9130,9131,9132,9133,9134,9135,9136,9137,9138,9139,9140
771,9141,9151,9153,9154,9156
772,9157
773,9158
774,9159,9162
775,9163,9166,9172,9175,9180,9181
776,9186,9188,9189,9190,9191,9192,9195,9196,9197,9198,9199,9200,9202,9203,9204,9205,9206,9208
777,9209,9210,9211,9212,9213,9214,9215,9216,9217,9218,9219,9221,9222,9223,9224,9225,9226,9227,9228,9229,9230,9231,9232,9233,9234,9235,9236,9237,9238,9239,9240,9241,9242,9243,9244,9245,9247,9248,9249,9250,9252,9253,9254,9255,9256,9257,9258,9259,9260,9261,9262,9263,9264,9265,9266,9267,9268,9269,9270
778,9271,9273,9274,9275,9276,9277,9278,9279,9280,9281,9282,9283,9284
779,9285,9286,9289,9290,9291,9292,9293,9297,9299,9300
780,9301
781,9302
782,9303,9304,9305,9306
783,9307,9310,9311,9312,9313,9314,9315,9316,9317,9319,9321,9323,9324,9325,9327,9328,9329
784,9330,9337,9338,9341,9342,9343,9346,9347,9350,9351,9352
785,9353,9354,9355,9356,9357,9358,9359,9360,9361,9362,9363,9364,9365,9366,9367,9368,9369,9370,9371,9372,9373,9374,9375,9376,9377,9378,9379,9380,9381,9383,9384,9385,9386,9387,9388,9389,9390,9391,9392,9393,9394,9396,9397,9398,9399,9401,9403,9404,9406,9407,9408,9410,9413,9414
786,9415,9420
787,9429,9430,9431,9432,9433,9434,9435,9436,9437,9438,9439,9440,9441,9442,9443,9444
788,9445
789,9446
790,9447,9448,9449
791,9451,9453,9454,9459,9460,9464,9466,9469,9472
792,9474,9477,9479,9480,9481,9483,9485,9488,9493
793,9497,9507,9514,9520,9526,9534,9535,9539,9548,9555
794,9559,9560,9561,9562,9563,9565,9566,9568,9569,9570
795,9573,9574,9575,9576,9577,9578,9579,9580,9581,9582,9583,9584,9585,9586,9587,9588
796,9589
797,9590
798,9591,9594
799,9595,9597,9598,9599,9600,9601,9603,9604,9605,9606,9607,9608,9609,9610,9611,9612,9613,9614,9615
800,9618,9619,9620,9621,9622,9623,9624,9626,9627,9628,9629,9630,9631,9632,9633,9634,9635,9637,9638,9639,9640
801,9641,9642,9643,9644,9645,9646,9647,9648,9649,9650,9651,9652,9653,9654,9655,9656,9657,9658,9659,9660,9661,9662,9663,9664,9665,9666,9667,9668,9669,9670,9672,9673,9674,9675,9676,9677,9678,9679,9680,9681,9682,9684,9685,9686,9687,9688,9689,9690,9691,9692,9693,9694,9695,9696,9697,9698,9699,9700,9701,9702
802,9703,9704,9705,9706,9707,9712,9714,9715,9716
803,9717,9718,9728,9730
804,9733
805,9734
806,9735,9736,9737
807,9739,9741,9742,9747,9749,9751,9756,9758,9759,9760,9761
808,9762,9763,9768,9769,9772,9774,9775
809,9785,9786,9788,9789,9791,9792,9796,9798,9799,9800,9801,9802,9803,9804,9805,9807,9810,9812,9814,9815,9816,9819,9820,9821,9823,9826,9830,9831,9834,9837,9839,9840,9841,9842,9843,9845,9846
810,9847,9848,9853,9855,9856,9858,9860
811,9861,9867,9871,9874,9875
812,9877
813,9878
814,9879,9880,9881,9882
815,9883,9887,9896,9897,9901,9903,9905
816,9906,9907,9908,9909,9910,9911,9912,9914,9915,9916,9920,9921,9922
817,9929,9930,9931,9932,9933,9935,9936,9937,9938,9940,9941,9942,9943,9945,9946,9948,9949,9950,9951,9952,9954,9955,9956,9958,9961,9962,9963,9964,9965,9966,9967,9968,9969,9970,9972,9973,9974,9975,9976,9977,9978,9979,9980,9981,9982,9983,9984,9985,9986,9987,9988,9989,9990
818,9991,9992,9993,9994,9995,9996,9997,9998,9999,10000,10001,10002,10003,10004
819,10005,10006,10007,10008,10009,10010,10011,10012,10013,10014,10015,10016,10017,10018,10019,10020
820,10021
821,10022
822,10023,10024,10025,10026
823,10027,10028,10029,10030,10031,10033,10034,10035,10036,10037,10038,10039,10041,10042,10043,10044,10045,10048
824,10050,10051,10052,10054,10056,10057,10058,10059,10060,10062,10065,10066,10067,10068,10069,10070,10072
825,10073,10074,10075,10076,10077,10079,10080,10081,10082,10085,10087,10089,10091,10093,10094,10095,10096,10098,10099,10100,10101,10102,10103,10106,10107,10108,10109,10111,10112,10114,10115,10116,10117,10118,10119,10120,10122,10123,10125,10127,10128,10129,10130,10132,10133,10134
826,10135,10136,10143,10146
827,10149,10150,10151,10152,10153,10154,10155,10156,10157,10158,10160,10161,10162,10163,10164
828,10165
829,10166
830,10167,10168,10169,10170
831,10171,10180,10184,10185,10186,10192
832,10194,10195,10197,10198,10199,10200,10201,10202,10203,10204,10205,10206,10207,10208,10209,10210,10211,10212,10213,10214,10215,10216
833,10217,10258,10266,10268
834,10279,10290
835,10293,10297,10299,10302,10303,10304,10306
836,10309
837,10310
838,10311,10312,10314
839,10315,10316,10317,10318,10319,10320,10321,10322,10323,10324,10325,10326,10327,10328,10329,10330,10331,10332,10333,10334,10335,10336,10337
840,10338,10339,10340,10341,10342,10343,10344,10345,10346,10347,10348,10349,10350,10352,10354,10355,10356,10357,10358,10359,10360
841,10361,10377,10378,10379,10384,10387,10388,10389,10392,10395,10401,10402,10415,10417,10419
842,10423,10425,10426,10427,10428,10430,10432,10433,10436
843,10437,10438,10439,10440,10441,10442,10444,10445,10446,10448,10449
844,10453
845,10454
846,10455,10456,10457,10458
847,10459,10464,10477
848,10482,10485,10486,10491,10495,10497,10499,10501,10502
849,10505,10506,10507,10509,10510,10512,10513,10514,10516,10517,10518,10519,10521,10522,10523,10524,10525,10526,10528,10529,10530,10531,10532,10533,10534,10535,10536,10538,10539,10540,10541,10546,10547,10548,10549,10550,10553,10554,10555,10556,10557,10558,10560,10561,10562,10563,10564,10565,10566
850,10567,10568,10569,10570,10571,10572,10573,10575,10576,10577,10578,10579,10580
851,10581,10582,10589,10591,10592,10593,10594,10595
852,10597
853,10598
854,10599
855,10603,10605,10607,10608,10610,10614,10615,10624,10625
856,10626,10645
857,10649,10651,10652,10654,10657,10659,10662,10666,10667,10669,10670,10673,10675,10676,10677,10680,10681,10682,10683,10686,10687,10688,10692,10695,10697,10698,10702,10707,10708,10709,10710
858,10711,10712,10713,10715,10716,10717,10718,10721,10724
859,10725,10729,10731,10732,10733,10734
860,10741
861,10742
862,10743,10745
863,10747,10753,10755,10759,10767
864,10770,10774,10775,10777,10779,10781,10789,10792
865,10793,10795,10797,10798,10800,10801,10809,10810,10812,10821,10825,10828,10829,10830,10832,10841,10848,10852
866,10855,10857,10860,10862,10864,10865,10866,10867
867,10869,10873,10874,10879,10881,10883
868,10885
869,10886
870,10887,10889,10890
871,10891,10892,10893,10894,10895,10896,10897,10898,10899,10900,10901,10902,10903,10904,10905,10907,10909,10910,10912,10913
872,10914,10915,10916,10917,10918,10919,10921,10922,10923,10924,10925,10926,10927,10928,10929,10930,10931,10932,10933,10934,10935
873,10937,10938,10939,10940,10941,10942,10943,10944,10945,10946,10947,10948,10949,10950,10951,10952,10953,10954,10955,10956,10957,10958,10959,10960,10961,10962,10963,10964,10965,10966,10967,10968,10969,10970,10971,10972,10973,10975,10976,10977,10978,10979,10980,10981,10982,10983,10984,10985,10986,10987,10988,10989,10990,10991,10992,10993,10994,10995,10996,10997,10998
874,10999,11001,11002,11003,11005,11006,11007,11009,11010,11011
875,11013,11014,11016,11017,11018,11019,11020,11021,11022,11023,11024,11025,11026,11027,11028
876,11029
877,11030
878,11031,11034
879,11035,11036,11049,11056
880,11058,11059,11060,11061,11062,11063,11064,11067,11068,11070,11071,11072,11073,11074,11075,11076,11077,11078,11079,11080
881,11081,11090,11123,11125
882,11143,11144,11145,11146,11147,11148,11149,11150,11151,11153,11154,11155,11156
883,11157,11160,11161,11164,11168,11171
884,11173
885,11174
886,11175,11178
887,11179,11180,11182,11183,11184,11188,11191,11193
888,11202,11203,11204,11206,11207,11210,11211,11213,11216,11218,11220,11221,11223
889,11225,11247,11253
890,11287,11288,11289,11290,11291,11292,11293,11294,11295,11296,11297,11298,11299,11300
891,11301,11302,11303,11305,11306,11307,11308,11310,11311,11312,11313,11314,11315,11316
892,11317
893,11318
894,11319,11321
895,11323,11325,11326,11327,11328,11331,11332,11333,11334,11335,11336,11337,11340,11341,11344,11345
896,11346,11347,11359
897,11369,11372,11376,11379,11385,11390,11393,11395,11399,11400,11402,11404,11406,11407,11408,11411,11412,11414,11418,11419,11421,11422,11424,11426,11429,11430
898,11431,11432,11435,11436,11437,11438,11439,11440,11441,11442,11443
899,11445,11447,11450,11452,11453,11454,11455,11457,11458,11459,11460
900,11461
901,11462
902,11463,11466
903,11467,11468,11471,11472,11475,11476,11477,11478,11480,11484,11487,11489
904,11490,11491,11495,11497,11500,11502,11508
905,11513,11514,11516,11521,11523,11530,11532,11537,11538,11539,11542,11545,11546,11548,11549,11554,11556,11558,11559,11570,11571
906,11575,11588
907,11589,11590,11593,11595,11599,11604
908,11605
909,11606
910,11607,11608,11609,11610
911,11611,11612,11613,11614,11615,11616,11617,11618,11620,11621,11622,11623,11624,11625,11626,11628,11629,11630,11632,11633
912,11634,11635,11636,11637,11638,11639,11640,11641,11642,11643,11644,11645,11646,11647,11648,11649,11650,11651,11652,11653,11654,11655,11656
913,11657,11660,11662,11665,11667,11668,11675,11676,11679,11680,11683,11685,11686,11688,11691,11693,11694,11695,11696,11698,11699,11700,11704,11705,11706,11709,11710,11711,11713,11714,11715
914,11719,11721,11722,11725,11726,11729,11730
915,11733,11734,11735,11736,11738,11739,11740,11741,11742,11743,11744,11745,11746,11747,11748
916,11749
917,11750
918,11751,11752,11753,11754
919,11755,11757,11758,11760,11761,11762,11763,11767,11768,11769,11770,11772,11774,11775,11776,11777
920,11778,11781,11783,11784,11785,11787,11788,11789,11791,11792,11793,11794,11795,11796,11797,11798,11800
921,11801,11802,11807,11809,11810,11812,11813,11815,11817,11820,11822,11824,11830,11831,11832,11834,11835,11836,11837,11838,11841,11842,11845,11846,11850,11851,11852,11854,11855,11856,11858,11859,11860
922,11863,11864,11865,11866,11868,11871,11873,11874,11875,11876
923,11877,11879,11880,11881,11885,11887,11888,11890,11892
924,11893
925,11894
926,11895,11896,11897,11898
927,11899,11908,11915,11916,11918
928,11922,11925,11928,11930,11934,11938
929,11945,11948,11949,11950,11951,11956,11958,11960,11961,11962,11964,11965,11966,11967,11968,11970,11971,11974,11976,11977,11979,11980,11982,11983,11984,11985,11986,11989,11990,11992,11993,11997,11998,11999,12000,12001,12003,12004
930,12007,12008,12009,12010,12011,12012,12013,12015,12016,12018,12019
931,12021,12023,12024,12026,12027,12028,12030,12032,12035
932,12037
933,12038
934,12039,12040,12041
935,12043,12045,12046,12047,12048,12050,12051,12052,12055,12056,12057,12058,12059,12060,12061,12062,12063,12065
936,12066,12067,12069,12071,12075,12076,12077,12080,12087,12088
937,12089,12115,12134,12145,12146
938,12151,12156,12161,12163
939,12165,12166,12167,12170,12171,12172,12173,12174,12175,12176,12179,12180
940,12181
941,12182
942,12183,12184,12185,12186
943,12187,12188,12189,12191,12192,12193,12194,12195,12196,12197,12198,12199,12201,12202,12203,12204,12205,12206,12207,12208,12209
944,12210,12211,12212,12213,12214,12215,12216,12217,12218,12219,12220,12221,12222,12223,12224,12225,12226,12227,12228,12229,12230,12231,12232
945,12233,12234,12235,12237,12240,12241,12242,12243,12245,12246,12247,12248,12249,12250,12251,12252,12253,12254,12255,12256,12259,12261,12262,12263,12265,12266,12267,12268,12269,12271,12272,12273,12274,12275,12276,12277,12279,12280,12281,12282,12283,12285,12286,12288,12290,12291,12292,12293,12294
946,12295,12304
947,12309,12310,12311,12313,12314,12317,12318,12319,12323
948,12325
949,12326
950,12327,12328,12329,12330
951,12331,12332,12333,12334,12335,12336,12337,12338,12339,12340,12341,12342,12345,12347,12348,12349
952,12354,12355,12356,12358,12360,12361,12362,12365,12368,12371,12372,12373
953,12377,12378,12379,12380,12381,12382,12384,12385,12386,12387,12388,12389,12390,12391,12392,12393,12394,12396,12397,12398,12399,12400,12401,12402,12403,12404,12405,12406,12408,12409,12410,12411,12412,12413,12414,12415,12416,12417,12418,12419,12420,12421,12422,12423,12424,12425,12426,12427,12428,12429,12431,12432,12433,12434,12435,12436,12437,12438
954,12439,12444
955,12453,12454,12455,12456,12458,12459,12461,12462,12464,12467
956,12469
957,12470
958,12471,12472,12473,12474
959,12475,12476,12482,12483,12484,12485,12489,12490,12492,12493,12495,12497
960,12498,12499,12502,12503,12504,12505,12506,12507,12508,12509,12511,12512,12513,12515,12516,12517,12518,12519,12520
961,12521,12556,12574,12576
962,12583,12584,12589,12595,12596
963,12597,12605
964,12613
965,12614
966,12615,12616,12617
967,12619,12622
968,12642,12649,12653,12657,12659,12661
969,12665,12666,12667,12668,12669,12670,12671,12672,12673,12674,12676,12678,12679,12680,12681,12682,12684,12685,12688,12689,12692,12693,12694,12695,12696,12697,12698,12699,12700,12701,12702,12703,12704,12706,12707,12708,12709,12711,12712,12713,12715,12717,12718,12719,12720,12721,12722,12723,12724,12725,12726
970,12727,12728,12729,12731,12732,12733,12734,12735,12736,12737,12738,12739,12740
971,12741,12743,12745,12746,12747,12748,12750,12751,12752,12753,12754,12755
972,12757
973,12758
974,12759
975,12763,12764,12765,12766,12767,12768,12769,12770,12771,12772,12773,12775,12776,12778,12779,12780,12783,12785
976,12786,12787,12788,12789,12790,12791,12792,12793,12794,12795,12796,12797,12798,12799,12800,12801,12802,12803,12804,12805,12806,12807,12808
977,12809,12810,12811,12813,12814,12815,12816,12817,12818,12819,12820,12821,12822,12823,12824,12825,12826,12828,12829,12830,12831,12832,12833,12834,12835,12836,12837,12840,12841,12842,12843,12845,12847,12848,12850,12851,12857,12859,12861,12862,12864,12865,12866,12867,12869,12870
978,12871,12874,12875,12877,12878,12879,12882,12883
979,12885,12886,12887,12888,12889,12890,12891,12892,12893,12894,12895,12896,12897,12898,12899
980,12901
981,12902
982,12903,12904,12905
983,12907,12913,12917,12922
984,12930,12931,12932,12933,12934,12935,12936,12937,12938,12939,12940,12941,12942,12943,12944,12945,12946,12947,12948,12949,12950,12951,12952
985,12953,12954,12956,12957,12958,12961,12962,12964,12965,12966,12967,12970,12971,12972,12973,12974,12975,12978,12980,12981,12982,12983,12984,12986,12990,12992,12994,12995,12996,12997,12998,13000,13001,13002,13003,13004,13005,13006,13007,13008,13009,13010,13011,13013
986,13015,13016,13018,13019,13020,13021,13024,13025,13026
987,13029,13030,13031,13032,13033,13034,13036,13037,13038,13039,13040,13041,13042,13043,13044
988,13045
989,13046
990,13047
991,13051,13052,13053,13054,13055,13057,13058,13059,13060,13062,13063,13067,13069,13070,13073
992,13074,13075,13080,13082,13083,13084,13086,13087,13093
993,13097,13098,13099,13100,13104,13106,13107,13108,13110,13112,13113,13114,13115,13116,13118,13119,13120,13123,13125,13127,13128,13130,13132,13135,13139,13141,13142,13143,13145,13147,13148,13149,13150,13151,13153,13155,13156,13157,13158
994,13159,13160,13161,13162,13163,13165,13166,13169,13170,13171,13172
995,13173,13175,13177,13178,13179,13180,13181,13182,13183,13185,13187,13188
996,13189
997,13190
998,13191,13193
999,13195,13198,13199,13201,13202,13204,13210,13214
1000,13218,13219,13220,13221,13222,13223,13224,13225,13226,13227,13228,13229,13230,13231,13232,13233,13235,13236,13237,13238,13239,13240
1001,13241,13243,13245,13248,13250,13251,13252,13255,13259,13261,13264,13265,13267,13271,13275,13276,13285,13286,13289,13291,13292,13295,13296,13297,13298,13299,13300,13302
1002,13303,13305,13308,13314
1003,13317
1004,13333
1005,13334
1006,13335,13336,13337
1007,13339,13340,13341,13342,13343,13344,13347,13349,13350,13351,13352,13354,13356,13357,13358,13359,13360
1008,13362,13363,13364,13371,13372,13376,13377,13378,13382
1009,13385,13386,13388,13390,13391,13392,13393,13394,13395,13396,13398,13399,13401,13402,13403,13408,13409,13410,13411,13412,13413,13415,13417,13418,13420,13422,13423,13424,13426,13428,13430,13433,13436,13437,13438,13439,13440,13441,13442,13443,13444,13446
1010,13447,13450
1011,13461,13465,13471,13474
1012,13477
1013,13478
1014,13479,13481
1015,13483,13485,13488,13491,13493,13494,13495,13496,13497,13498,13500,13502,13503,13504,13505
1016,13506,13513,13515,13516,13517,13518,13519,13520,13522,13523,13525,13526,13527
1017,13529,13530,13531,13532,13533,13534,13535,13537,13538,13539,13540,13541,13542,13543,13544,13545,13546,13547,13549,13552,13555,13560,13561,13562,13563,13566,13567,13568,13570,13573,13576,13579,13580,13581,13582,13583,13586,13587,13588,13589
1018,13591,13592,13593,13594,13595,13596,13597,13598,13599,13600,13601,13602,13603,13604
1019,13605,13606,13618,13619
1020,13621
1021,13622
1022,13623,13624,13625,13626
1023,13627,13629,13630,13633,13634,13635,13636,13637,13639,13640,13641,13642,13643,13645,13647,13648,13649
1024,13650,13653,13654,13662,13664,13667,13668,13669,13670,13672
1025,13673,13674,13675,13676,13677,13678,13679,13680,13681,13682,13683,13684,13685,13686,13687,13688,13689,13690,13691,13692,13693,13694,13695,13696,13697,13698,13699,13700,13701,13702,13703,13704,13705,13706,13707,13708,13709,13710,13711,13713,13714,13715,13716,13717,13718,13719,13720,13721,13722,13723,13724,13725,13726,13727,13728,13730,13731,13732,13733,13734
1026,13735,13736,13737,13739,13740,13741,13742,13743,13744,13746,13747,13748
1027,13749,13750,13752,13753,13754,13755,13756,13757,13759,13760,13763,13764
1028,13765
1029,13766
1030,13767,13768,13769,13770
1031,13771,13772,13773,13775,13777,13778,13782,13784,13786,13788,13789,13791
1032,13794,13795,13797,13798,13799,13800,13803,13804,13806,13808,13811,13813,13814
1033,13817,13819,13837,13838,13843,13852,13866,13872
1034,13879,13880,13881,13882,13883,13884,13885,13888,13889,13890,13891,13892
1035,13893,13896,13899,13904,13906,13908
1036,13909
1037,13910
1038,13911,13912,13913
1039,13915,13916,13917,13918,13919,13923,13924,13926,13927,13928,13929,13930,13931,13933,13934,13936
1040,13938,13941,13946,13947,13949,13952,13953,13956,13958,13960
1041,13961,13963,13965,13966,13967,13968,13969,13971,13972,13973,13974,13978,13979,13980,13982,13983,13985,13986,13987,13988,13989,13990,13991,13993,13996,14002,14004,14005,14009,14010,14012,14015,14018,14019,14020
1042,14023,14025,14026,14027,14028,14030,14031,14032,14033,14034,14036
1043,14037,14038,14039,14040,14042,14043,14044,14045,14046,14047,14048,14049
1044,14053
1045,14054
1046,14055,14056,14057
1047,14059,14061,14062,14063,14064,14065,14067,14068,14069,14070,14071,14072,14073,14074,14075,14076,14077,14078,14079,14080
1048,14082,14084,14085,14086,14087,14088,14089,14090,14091,14093,14095,14096,14097,14098,14099,14100,14101,14103,14104
1049,14105,14106,14107,14108,14109,14110,14111,14112,14113,14114,14115,14116,14117,14118,14119,14120,14121,14122,14123,14124,14125,14126,14127,14128,14129,14130,14131,14132,14133,14134,14135,14136,14137,14138,14139,14140,14141,14142,14143,14144,14145,14146,14147,14148,14149,14150,14151,14152,14153,14154,14155,14156,14157,14158,14159,14160,14161,14162,14163,14164,14165,14166
1050,14167,14169,14179
1051,14181,14192
1052,14197
1053,14198
1054,14199,14202
1055,14203,14205,14208,14209,14210,14211,14213,14214,14215,14216,14221,14223,14224
1056,14226,14228,14231,14232,14239,14244,14245,14248
1057,14249,14280
1058,14311,14312,14313,14314,14316,14318,14320
1059,14325,14326,14329,14330,14335,14337,14338,14339,14340
1060,14341
1061,14342
1062,14343,14345
1063,14347,14348,14349,14352,14353,14360,14361,14367,14369
1064,14370,14376,14389
1065,14393,14404,14407
1066,14455,14456,14457,14458,14459,14460,14461,14464,14465,14468
1067,14469,14471,14475,14476,14477,14481
1068,14485
1069,14486
1070,14487,14488,14490
1071,14491,14492,14493,14494,14495,14496,14497,14498,14499,14501,14502,14503,14504,14505,14506,14507,14508,14509,14510,14511,14512,14513
1072,14514,14516,14518,14519,14521,14522,14523,14524,14525,14526,14531,14533,14534,14535,14536
1073,14537,14538,14539,14540,14541,14542,14543,14544,14545,14546,14547,14548,14549,14550,14551,14552,14553,14554,14555,14556,14557,14558,14559,14560,14561,14562,14563,14564,14565,14567,14568,14569,14571,14572,14573,14574,14576,14577,14578,14579,14580,14581,14582,14583,14584,14585,14586,14588,14589,14590,14591,14592,14593,14594,14595,14596,14597,14598
1074,14599,14610
1075,14613,14615,14616,14618,14620,14622,14624,14627
1076,14629
1077,14630
1078,14631,14632
1079,14635,14636,14637,14638,14639,14640,14642,14644,14645,14646,14647,14648,14650,14651,14652,14655,14656,14657
1080,14658,14659,14660,14662,14663,14664,14665,14666,14667,14669,14670,14672,14675,14676,14677,14679
1081,14681,14682,14683,14685,14686,14688,14689,14691,14694,14696,14697,14698,14700,14701,14702,14703,14704,14705,14707,14708,14710,14711,14715,14716,14718,14719,14720,14721,14722,14723,14724,14725,14726,14727,14729,14730,14731,14732,14733,14734,14736,14737,14738,14742
1082,14743,14744,14745,14747,14749,14751,14752,14753,14755,14756
1083,14757,14758,14759,14761,14762,14763,14764,14765,14766,14767,14768,14769,14770,14771
1084,14773
1085,14774
1086,14775,14776,14778
1087,14779,14780,14782,14783,14784,14785,14786,14788,14789,14790,14791,14792,14793,14794,14796,14797,14798,14799,14800,14801
1088,14802,14805,14816,14821
1089,14825,14830,14836,14837,14839,14840,14842,14843,14844,14849,14853,14854,14855,14856,14857,14858,14859,14864,14869,14870,14872,14873,14874,14876,14877,14878,14881,14883,14885,14886
1090,14887,14888,14890,14892,14893,14894,14895,14896,14897,14898,14899,14900
1091,14901,14905,14907,14914
1092,14917
1093,14918
1094,14919,14920,14921,14922
1095,14923,14926,14929,14931,14933,14936,14940,14941
1096,14946,14949,14950,14951,14952,14957,14958,14962,14963,14964,14965,14967
1097,14969,14973,14975,14979,14982,14984,14985,14986,14987,14989,14991,14996,15000,15002,15003,15005,15007,15008,15009,15014,15016,15017,15018,15019
1098,15031,15032,15037,15041,15044
1099,15045,15046,15047,15048,15050,15051,15052,15053,15054,15055,15056,15057,15058,15059,15060
1100,15061
1101,15062
1102,15063,15065,15066
1103,15067,15068,15069,15070,15071,15072,15073,15075,15076,15077,15080,15081,15082,15083,15084,15085,15086,15087,15088,15089
1104,15090,15094,15095,15096,15097,15098,15099,15100,15102,15103,15105,15106,15108,15109,15110
1105,15113,15114,15132,15141,15163,15171
1106,15175,15176,15177,15178,15179,15181,15182
1107,15189,15190,15191,15192,15193,15194,15195,15196,15197,15199,15200,15201,15202,15203,15204
1108,15205
1109,15206
1110,15207,15208,15209,15210
1111,15211,15214,15215,15221,15224,15228
1112,15234,15235,15236,15237,15238,15239,15240,15241,15242,15244,15245,15246,15247,15248,15249,15251,15252,15253,15254,15255,15256
1113,15257,15260,15262,15263,15264,15265,15269,15270,15273,15276,15277,15278,15280,15285,15287,15289,15290,15293,15298,15299,15300,15304,15307,15308,15309,15311,15312,15315
1114,15319,15320,15321,15324,15325,15326,15330,15331,15332
1115,15333,15335,15337,15339,15340,15341,15343,15345,15347,15348
1116,15349
1117,15350
1118,15351,15352,15354
1119,15355,15358,15359,15360,15361,15362,15363,15365,15366,15368,15369,15370,15373,15374,15375,15376,15377
1120,15378,15386,15389,15392,15394,15400
1121,15401,15403,15404,15405,15406,15407,15408,15409,15410,15411,15412,15413,15414,15416,15417,15418,15419,15420,15421,15422,15423,15424,15425,15426,15428,15429,15430,15431,15432,15433,15434,15435,15436,15437,15438,15440,15441,15442,15443,15444,15445,15446,15447,15448,15449,15450,15451,15452,15453,15454,15455,15457,15458,15459,15460,15461,15462
1122,15463,15466,15468,15469,15470,15472,15473,15474,15475,15476
1123,15477,15479,15481,15483,15484,15485,15486,15488,15489,15490,15491
1124,15493
1125,15494
1126,15495,15496,15497,15498
1127,15499,15501,15503,15504,15509,15510,15511,15512,15513,15515,15517,15518,15519
1128,15522,15523,15528,15534,15536,15537,15538,15539,15541,15542,15544
1129,15545,15547,15551,15561,15562,15563,15568,15573,15577,15579,15583,15585,15591,15592,15594,15596,15598,15600,15602,15604,15605,15606
1130,15607,15611
1131,15621,15626,15627,15632
1132,15637
1133,15638
1134,15639,15640,15641,15642
1135,15643,15644,15645,15648,15649,15650,15653,15654,15655,15656,15660,15661,15663,15664,15665
1136,15666,15667,15669,15670,15671,15674,15676,15677,15682,15684,15685,15687
1137,15689,15711,15713
1138,15751,15754,15758
1139,15765,15766,15767,15768,15770,15771,15772,15773,15775,15776,15777,15778,15779,15780
1140,15781
1141,15782
1142,15783,15785,15786
1143,15787,15791,15799,15800,15801,15802,15803,15804
1144,15810,15811,15812,15813,15814,15815,15816,15817,15818,15820,15821,15822,15823,15824,15826,15827,15828,15831,15832
1145,15833,15867,15886
1146,15895,15907
1147,15909,15912,15919,15920,15922,15923
1148,15925
1149,15926
1150,15927,15930
1151,15931,15932,15933,15934,15935,15936,15937,15938,15939,15940,15941,15942,15943,15944,15945,15946,15947,15948,15949,15950,15951,15952,15953
1152,15954,15955,15957,15959,15961,15962,15963,15964,15966,15967,15968,15969,15970,15971,15973,15974,15975,15976
1153,15977,15978,15979,15980,15981,15982,15983,15984,15985,15986,15987,15988,15989,15990,15991,15992,15993,15995,15996,15997,15998,15999,16000,16001,16003,16004,16005,16006,16007,16008,16009,16011,16012,16013,16014,16015,16016,16017,16018,16019,16020,16021,16022,16023,16024,16025,16026,16027,16028,16029,16030,16031,16032,16033,16034,16035,16036,16037,16038
1154,16039,16042,16051
1155,16053,16054,16055,16056,16057,16059,16060,16062,16063,16064,16066,16068
1156,16069
1157,16070
1158,16071,16072
1159,16075,16076,16077,16084,16085,16090,16093,16096
1160,16098,16099,16101,16102,16103,16104,16105,16106,16107,16109,16110,16111,16112,16113,16114,16115,16117,16118,16119,16120
1161,16121,16122,16123,16125,16126,16127,16128,16129,16130,16131,16133,16134,16135,16136,16137,16138,16139,16140,16143,16144,16145,16146,16147,16148,16149,16150,16151,16152,16153,16154,16156,16157,16158,16159,16160,16162,16163,16164,16165,16167,16168,16169,16170,16171,16172,16173,16174,16175,16176,16177,16178,16179,16180,16182
1162,16183,16184,16186,16187,16189,16190,16191,16192,16193,16194,16195
1163,16197,16200,16201,16202,16203,16204,16205,16206,16207,16208,16209,16210,16212
1164,16213
1165,16214
1166,16215,16216,16217,16218
1167,16219,16234,16240
1168,16242,16244,16246,16250,16254,16259,16260,16263
1169,16265,16266,16267,16268,16270,16272,16273,16275,16278,16279,16282,16283,16287,16288,16289,16290,16291,16301,16302,16303,16304,16308,16309,16310,16312,16315,16316,16317,16318,16319,16320,16322,16324,16325
1170,16327,16333,16335,16339
1171,16341,16343,16344,16345,16346,16347,16348,16350,16351,16352,16353,16354,16355,16356
1172,16357
1173,16358
1174,16359,16360,16361,16362
1175,16363,16364,16366,16367,16369,16370,16371,16372,16373,16375,16376,16377,16379,16380,16381,16382,16383,16384,16385
1176,16386,16387,16396
1177,16409,16411,16412,16413,16414,16415,16416,16417,16418,16419,16420,16421,16424,16425,16426,16427,16429,16430,16431,16432,16433,16434,16435,16436,16437,16438,16439,16442,16443,16444,16445,16447,16448,16450,16451,16452,16454,16456,16457,16458,16459,16461,16464,16465,16466,16468,16469,16470
1178,16471,16477,16479
1179,16485,16486,16487,16488,16489,16490,16491,16493,16495,16496,16497,16498,16499,16500
1180,16501
1181,16502
1182,16503
1183,16507,16520,16521,16522,16525,16528,16529
1184,16530,16531,16534,16536,16539,16540,16546
1185,16553,16564,16573,16578,16579,16588,16597,16598,16609,16613
1186,16615,16618,16619,16628
1187,16629,16631,16634,16635,16636,16637,16638,16640,16641,16642,16643,16644
1188,16645
1189,16646
1190,16647,16649
1191,16651,16652,16653,16654,16655,16656,16657,16658,16659,16660,16661,16662,16663,16664,16665,16666,16667,16668,16669,16670,16671,16672,16673
1192,16674,16683,16686,16687,16693
1193,16697,16699,16700,16701,16702,16703,16704,16706,16707,16708,16709,16710,16711,16712,16713,16714,16715,16716,16718,16719,16720,16721,16722,16723,16724,16727,16728,16729,16731,16732,16733,16735,16736,16737,16738,16739,16740,16743,16744,16745,16748,16749,16750,16751,16752,16756,16757,16758
1194,16759,16761,16762,16766,16769,16771
1195,16773,16778,16780,16784,16787,16788
1196,16789
1197,16790
1198,16791,16794
1199,16795,16796,16798,16799,16800,16801,16803,16804,16805,16807,16808,16809,16810,16811,16812,16813,16814,16816,16817
1200,16818,16819,16820,16821,16822,16823,16824,16825,16826,16827,16828,16829,16830,16831,16832,16833,16834,16835,16836,16837,16838,16839,16840
1201,16841,16846,16847,16848,16849,16850,16852,16854,16855,16856,16857,16858,16859,16860,16863,16866,16867,16869,16872,16877,16878,16879,16884,16886,16890,16891,16892,16895,16897,16899,16900,16901,16902
1202,16903,16906,16908,16909,16910,16912,16914,16915
1203,16917,16919,16921,16922,16923,16925,16928,16929,16930
1204,16933
1205,16934
1206,16935,16936,16937
1207,16939,16941,16942,16943,16946,16948,16951,16955
1208,16962,16970,16981,16984
1209,16985,16987,16990,16991,16992,16993,16994,16995,16997,16998,16999,17001,17002,17003,17004,17006,17008,17009,17010,17011,17012,17014,17015,17017,17018,17019,17020,17021,17024,17027,17028,17029,17030,17031,17033,17034,17035,17036,17037,17038,17039,17040,17041,17042,17043,17044,17045
1210,17047,17055,17056,17058,17059,17060
1211,17061,17062,17064,17065,17066,17068,17069,17070,17071,17072,17073,17074,17075
1212,17077
1213,17078
1214,17079,17080,17081,17082
1215,17083,17087,17090,17091,17092,17095,17097,17098,17100,17102,17103,17104,17105
1216,17106,17107,17108,17109,17110,17111,17112,17114,17115,17116,17117,17118,17119,17120,17122,17124,17125,17126,17127,17128
1217,17129,17133,17134,17139,17156,17176
1218,17191,17193,17194,17195,17196,17197,17198,17199,17200,17201,17202,17203,17204
1219,17205,17212,17213,17218,17219,17220
1220,17221
1221,17222
1222,17223,17224
1223,17227,17228,17229,17230,17231,17232,17236,17237,17238,17239,17241,17242,17244,17245,17247,17248,17249
1224,17250,17256,17258,17263,17271,17272
1225,17273,17275,17276,17277,17278,17282,17283,17288,17291,17293,17294,17296,17297,17301,17302,17303,17305,17308,17310,17311,17312,17314,17315,17316,17317,17318,17319,17320,17321,17322,17326,17327,17328,17329,17330,17331,17333,17334
1226,17335,17337,17338,17339,17342,17343,17345,17346,17347,17348
1227,17349,17350,17351,17352,17353,17354,17355,17356,17357,17358,17359,17360,17362,17364
1228,17365
1229,17366
1230,17367,17369,17370
1231,17371,17372,17373,17374,17375,17376,17378,17379,17380,17381,17382,17383,17385,17386,17387,17388,17389,17391,17392,17393
1232,17394,17395,17396,17397,17398,17399,17400,17401,17402,17403,17404,17405,17406,17407,17408,17409,17410,17411,17412,17413,17414,17415,17416
1233,17417,17419,17421,17422,17424,17425,17428,17430,17431,17432,17434,17435,17436,17437,17438,17439,17441,17442,17445,17446,17447,17448,17449,17451,17452,17453,17454,17455,17456,17457,17459,17460,17461,17464,17465,17466,17467,17468,17469,17470,17472,17473,17474,17475,17476,17477,17478
1234,17479,17480,17481,17482,17483,17484,17486,17487,17488,17489,17490,17491,17492
1235,17493,17494,17495,17496,17497,17498,17499,17500,17501,17502,17503,17504,17505,17506,17507
1236,17509
1237,17510
1238,17511,17512
1239,17515,17518,17529,17530,17531
1240,17538,17540,17542,17543,17545,17549
1241,17561,17562,17564,17565,17567,17568,17569,17570,17572,17573,17574,17575,17577,17578,17579,17581,17582,17583,17584,17585,17587,17588,17589,17590,17592,17596,17598,17599,17600,17601,17602,17603,17605,17606,17607,17608,17609,17611,17612,17613,17615,17616,17617,17618,17621,17622
1242,17623,17624,17625,17626,17627,17628,17629,17630,17631,17633,17634,17635,17636
1243,17637,17638,17639,17640,17641,17642,17643,17644,17645,17646,17647,17648,17649,17650,17651,17652
1244,17653
1245,17654
1246,17655,17656,17657,17658
1247,17659,17660,17663,17668,17669,17670,17676,17677,17679,17681
1248,17682,17684,17685,17687,17688,17690,17692,17693,17694,17696,17697,17698,17699,17700,17701,17703,17704
1249,17705,17729,17740,17760,17763,17764
1250,17767,17768,17770,17773,17775,17776,17777,17778,17779,17780
1251,17781,17783,17786,17787,17789,17796
1252,17797
1253,17798
1254,17799,17801,17802
1255,17803,17805,17808,17811
1256,17826,17832,17834,17836,17838,17839,17841,17843,17845,17846,17847
1257,17849,17867,17885
1258,17911,17913
1259,17925,17927,17930,17931
1260,17941
1261,17942
1262,17943,17944,17945
1263,17947,17949,17956,17957,17960,17961,17962,17966
1264,17970,17972,17973,17976,17982,17987,17988,17989,17990,17992
1265,17993,17997,18002,18008,18012,18014,18017,18019,18022,18024,18027,18028,18032,18033,18035,18036,18038,18043,18044,18048,18052,18054
1266,18055,18058,18060,18061,18065
1267,18069,18071,18072,18074,18076,18077,18079,18081,18082
1268,18085
1269,18086
1270,18087,18090
1271,18091,18093,18097,18101,18102,18106,18111,18113
1272,18114,18116,18117,18118,18119,18120,18121,18122,18124,18126,18127,18128,18129,18130,18131,18132,18133,18134,18136
1273,18137,18139,18141,18142,18143,18157,18158,18162,18164,18165,18169,18170,18171,18173,18179,18184,18186,18187,18188,18189,18192,18198
1274,18199,18202,18204,18205,18208,18210
1275,18213,18214,18215,18216,18218,18220,18222,18223,18225,18226,18228
