256,1
257,2
258,3,4,5,6
259,7
260,8
261,9
262,10,12
263,14,15,17,18,19,20,21,22,23
264,24,25,26,27,28,30,31,32,33
265,34,35,39,42,46,47,49,51,52,53,57,58,60,62,63,65,66,67,69,70
266,71,73
267,75,76,78,79,80,81,82,84
268,85
269,86
270,87,90
271,91,102,107,108
272,114,116,119,126,131,134,135,136
273,137,143,162,178,180,191,194
274,199,206,212
275,213,214,216,218,220,221,222,223,224,225,226,227,228
276,229
277,230
278,231,234
279,235,236,238,239,240,242,243,245,246,247,252,254,255,256
280,258,264,279
281,281,284,286,291,292,294,298,301,304,306,307,309,310,314,317,318,320,324,325,326,327,335
282,343,347,350,354
283,357,358,359,360,362,363,365,366,372
284,373
285,374
286,375,378
287,379,398,401
288,402,408,411,412,414,416,418,420,421
289,425,427,434,438,453,455,461,462,470,478,485
290,487,488,492,493,494,496,497,499
291,501,503,512,514
292,517
293,518
294,519,520,522
295,523,525,526,530,535,539,541
296,546,549,550,551,552,554,555,556,557,558,559,560,561,562,563,564,565,566,568
297,569,579,591,596,610,613,615,616,622
298,631,635,636,637,642,643,644
299,645,646,648,649,651
300,661
301,662
302,663,666
303,667,672,673,674,675,678,684,686,687
304,690,695,712
305,713,714,724,733,745,759,763,767
306,775,779
307,789,790,791,793,794,795,800,801,803
308,805
309,806
310,807,809
311,811,812,813,814,815,816,822,823,824,825,827,828,830,831,832
312,834,835,837,838,840,841,842,843,844,845,846,847,848,849,850,851,852,853,855,856
313,857,858,859,860,861,862,863,864,865,866,867,868,869,870,871,872,873,874,875,876,877,878,879,881,882,883,884,885,886,887,888,889,890,891,892,893,894,895,896,899,900,901,902,903,904,905,906,907,908,909,910,911,912,913,914,915,916,917,918
314,919,920,922,923,924,925,926,927,928,929,930,931
315,933,935,936,937,939
316,949
317,950
318,951,952,953,954
319,955,956,957,958,963,966,973
320,978,983,988,989,991,993
321,1001,1002,1003,1004,1005,1008,1010,1011,1013,1014,1016,1017,1018,1019,1020,1021,1022,1023,1025,1027,1029,1031,1032,1033,1034,1035,1036,1039,1040,1041,1042,1043,1044,1045,1046,1049,1050,1051,1052,1053,1055,1056,1057,1058,1059,1060,1061,1062
322,1063,1074
323,1077,1082,1084,1092
324,1093
325,1094
326,1095,1097
327,1099,1100,1101,1102,1103,1104,1105,1106,1107,1108,1109,1110,1111,1112,1113,1114,1115,1116,1117,1118,1119,1120,1121
328,1122,1123,1124,1125,1126,1127,1128,1129,1130,1131,1132,1133,1134,1135,1136,1137,1138,1139,1140,1141,1142,1143,1144
329,1145,1147,1148,1149,1150,1152,1153,1155,1156,1157,1158,1159,1162,1163,1167,1168,1169,1174,1175,1176,1177,1178,1179,1180,1181,1183,1184,1185,1186,1188,1189,1190,1191,1192,1195,1196,1197,1198,1199,1200,1202,1203,1204,1205,1206
330,1207,1209,1210,1211,1212,1214,1216,1220
331,1221,1223,1224,1232,1233,1236
332,1237
333,1238
334,1239,1240,1242
335,1243,1245,1246,1247,1249,1250,1251,1253,1254,1256,1257,1258,1259,1260,1261,1262,1263,1264,1265
336,1266,1267,1268,1271,1275,1276,1277,1279,1281,1282,1283,1284,1288
337,1289,1291,1301,1304,1336,1345,1346
338,1351,1352,1353,1354,1355,1356,1357,1358,1359,1360,1361,1362,1363,1364
339,1365,1366,1367,1368,1369,1373,1378,1379,1380
340,1381
341,1382
342,1383,1384,1385
343,1387,1388,1390,1394,1397,1399,1400,1403,1404,1405,1406,1407,1409
344,1410,1417,1419,1422,1423,1424,1427,1430,1431
345,1433,1434,1436,1437,1438,1439,1440,1444,1446,1449,1450,1455,1456,1457,1459,1460,1462,1464,1467,1468,1469,1470,1471,1472,1473,1474,1475,1476,1477,1479,1482,1483,1484,1486,1487,1488,1489,1490,1491,1492
346,1495,1496,1497,1498,1499,1500,1501,1502,1504,1505,1506,1507,1508
347,1509,1512,1519,1522
348,1525
349,1526
350,1527,1528,1529,1530
351,1531,1532,1533,1534,1535,1536,1537,1539,1544,1546,1547,1551,1553
352,1554,1555,1556,1557,1558,1559,1560,1561,1563,1564,1565,1566,1568,1569,1570,1571,1572,1573,1574,1575,1576
353,1577,1578,1579,1580,1581,1582,1583,1584,1585,1587,1588,1589,1590,1591,1593,1594,1595,1597,1598,1599,1600,1602,1603,1604,1605,1606,1607,1609,1610,1613,1614,1615,1616,1618,1619,1621,1622,1624,1625,1626,1627,1628,1629,1631,1632,1635,1637,1638
354,1639,1640,1641,1642,1643,1644,1645,1646,1647,1648,1649,1650,1651,1652
355,1653,1660,1662
356,1669
357,1670
358,1671,1672,1673,1674
359,1675,1677,1680,1681,1682,1686,1687,1688,1689,1691,1693,1695,1697
360,1698,1699,1702,1704,1707,1708,1709,1712,1714,1715,1716,1717,1718
361,1721,1722,1723,1724,1725,1726,1727,1728,1729,1730,1731,1732,1733,1735,1737,1738,1739,1740,1741,1742,1743,1744,1745,1746,1748,1749,1750,1751,1752,1753,1754,1755,1757,1758,1759,1760,1764,1766,1767,1769,1770,1771,1772,1773,1776,1777,1780,1781,1782
362,1783,1784,1785,1786,1789,1790,1792,1794,1795,1796
363,1797,1800,1801,1802,1803,1804,1805,1808,1809,1810,1812
364,1813
365,1814
366,1815,1816,1817,1818
367,1819,1820,1822,1824,1825,1826,1827,1829,1831,1832,1833,1838,1839
368,1842,1843,1844,1846,1847,1848,1849,1850,1851,1852,1853,1854,1855,1856,1857,1858,1859,1860,1861,1862,1863,1864
369,1865,1867,1871,1872,1874,1884,1888,1891,1894,1900,1902,1903,1904,1905,1908,1914,1915,1917,1918,1921,1924
370,1927,1935,1936
371,1941,1942,1943,1945,1946,1947,1950,1952,1953,1956
372,1957
373,1958
374,1959,1960,1961,1962
375,1963,1968,1969,1970,1971,1972,1974,1975,1978,1981,1982,1984,1985
376,1986,1993,2002,2005,2008
377,2009,2010,2011,2015,2016,2019,2022,2024,2027,2028,2029,2035,2040,2041,2049,2052,2053,2055,2056,2058,2059,2062,2064,2065,2067,2069
378,2071,2072,2074,2077,2079,2080,2081,2082
379,2085,2100
380,2101
381,2102
382,2103,2104,2106
383,2107,2111,2112,2115,2116,2117,2119,2120,2122,2124,2126,2127
384,2130,2131,2132,2133,2134,2135,2136,2137,2138,2139,2140,2141,2142,2143,2144,2145,2146,2147,2148,2149,2150,2151,2152
385,2153,2155,2156,2157,2159,2160,2161,2162,2163,2164,2165,2167,2168,2171,2172,2173,2174,2175,2176,2178,2182,2183,2184,2185,2186,2187,2188,2189,2190,2191,2194,2195,2199,2200,2202,2203,2204,2205,2206,2207,2208,2210,2211,2212,2213,2214
386,2215,2216,2217,2218,2219,2220,2221,2222,2223,2224,2225,2226,2227,2228
387,2229,2232,2233,2236,2237,2238,2239,2242,2244
388,2245
389,2246
390,2247,2248,2249,2250
391,2251,2252,2256,2257,2258,2259,2261,2262,2264,2271,2272
392,2274,2279
393,2297,2298,2299,2300,2301,2302,2303,2304,2306,2307,2308,2309,2310,2312,2313,2314,2315,2316,2317,2318,2319,2320,2321,2322,2324,2326,2327,2328,2329,2332,2333,2334,2337,2339,2340,2342,2344,2345,2346,2347,2348,2351,2353,2354,2355,2356,2358
394,2359,2365,2367,2369
395,2373,2374,2376,2384,2388
396,2389
397,2390
398,2391,2393
399,2395,2397,2399,2400,2403,2410,2415,2416
400,2418,2421,2423,2428,2429,2431,2432,2434,2436,2437,2438,2440
401,2441,2446,2458,2479,2481,2489,2495,2502
402,2503,2505,2506,2507,2508,2509,2511,2512,2514,2515,2516
403,2517,2522,2524,2526,2529,2531
404,2533
405,2534
406,2535,2536,2537
407,2539,2541,2546,2547,2548,2550,2551,2552,2554,2556,2559
408,2562,2563,2566,2567,2569,2572,2573,2576,2579,2581,2582,2584
409,2585,2586,2588,2590,2594,2596,2597,2598,2599,2600,2601,2605,2606,2609,2612,2614,2617,2619,2621,2622,2623,2624,2625,2629,2630,2631,2633,2637,2639,2640,2641,2642,2644,2645,2646
410,2647,2648,2650,2651,2653,2654,2656,2657,2658,2660
411,2661,2665,2668,2669,2670,2672,2673,2675
412,2677
413,2678
414,2679,2680,2682
415,2683,2684,2686,2688,2690,2692,2693,2694,2695,2697,2698,2701,2702,2704,2705
416,2706,2707,2708,2709,2710,2711,2712,2713,2714,2715,2716,2717,2718,2719,2720,2721,2723,2724,2725,2726,2727,2728
417,2729,2732,2733,2737,2738,2740,2741,2745,2746,2755,2757,2758,2760,2761,2763,2764,2769,2771,2772,2773,2774,2775,2778,2780,2782,2783,2784,2787,2789,2790
418,2791,2792,2793,2794,2795,2796,2798,2799,2801,2802,2803,2804
419,2805
420,2821
421,2822
422,2823,2825,2826
423,2827,2828,2829,2830,2834,2835,2840,2841,2842,2845,2846,2847,2848
424,2850,2852,2855,2856,2857,2858,2859,2860,2865,2866,2868,2870,2871,2872
425,2873,2879,2880,2881,2887,2889,2890,2891,2894,2899,2902,2903,2904,2905,2908,2911,2925,2927,2931,2932,2934
426,2935,2944
427,2949,2950,2954,2957,2958,2959,2961,2963
428,2965
429,2966
430,2967,2968,2970
431,2971,2972,2973,2974,2975,2976,2977,2979,2980,2981,2982,2983,2984,2985,2986,2987,2988,2989,2990,2991,2992,2993
432,2994,3001
433,3017,3018,3020,3021,3023,3024,3025,3026,3028,3030,3031,3033,3036,3037,3038,3040,3042,3043,3044,3045,3046,3047,3049,3050,3051,3054,3055,3057,3058,3059,3061,3063,3064,3065,3067,3069,3071,3072,3073,3074,3075,3076,3077,3078
434,3079,3080,3082,3087,3088,3092
435,3093,3094,3095,3096,3097,3098,3099,3100,3101,3102,3103,3104,3105,3106,3107,3108
436,3109
437,3110
438,3111,3112,3114
439,3115,3117,3118,3121,3122,3123,3125,3126,3127,3128,3130,3131,3132,3133,3134,3137
440,3138,3139,3140,3141,3143,3147,3148,3149,3150,3151,3152,3153,3154,3155,3156,3160
441,3161,3163,3167,3172,3178,3179,3182,3183,3186,3196,3197,3198,3201,3204,3207,3213,3214,3216,3222
442,3223,3224,3225,3226,3228,3229,3230,3231,3234,3235,3236
443,3237,3238,3239,3240,3241,3242,3243,3244,3245,3246,3247,3248,3249,3250
444,3253
445,3254
446,3255,3256,3257
447,3259,3260,3261,3262,3263,3264,3265,3266,3267,3268,3269,3270,3271,3272,3273,3274,3275,3276,3277,3278,3279,3280,3281
448,3282,3283,3284,3285,3287,3288,3289,3291,3292,3293,3295,3297,3298,3303,3304
449,3305,3306,3307,3308,3309,3310,3311,3312,3313,3314,3315,3317,3318,3320,3321,3322,3323,3324,3325,3326,3329,3330,3331,3332,3334,3335,3336,3337,3339,3340,3341,3342,3343,3345,3348,3349,3351,3352,3353,3354,3355,3356,3357,3358,3359,3360,3362,3363,3364,3365,3366
450,3367,3368,3369,3370,3371,3372,3373,3374,3375,3376,3377,3378,3379,3380
451,3381,3382,3384,3385,3386,3387,3388,3390,3391,3392,3393,3394,3395,3396
452,3397
453,3398
454,3399,3400,3401,3402
455,3403,3404,3407,3408,3410,3412,3413,3414,3415,3417,3419,3421,3423,3424,3425
456,3426,3427,3430,3432,3436,3437,3440,3443
457,3449,3450,3475,3493,3508
458,3511,3513,3514,3518,3523
459,3525,3528,3531,3539
460,3541
461,3542
462,3543,3544,3545
463,3547,3563
464,3570,3574,3575,3576,3580,3581,3583,3584,3585,3586,3587,3588,3589,3591,3592
465,3593,3594,3595,3596,3597,3598,3599,3600,3601,3602,3603,3604,3605,3606,3607,3608,3609,3611,3612,3613,3614,3615,3616,3617,3618,3619,3620,3621,3622,3623,3624,3625,3626,3627,3628,3629,3630,3631,3632,3633,3634,3635,3636,3637,3638,3639,3640,3641,3642,3643,3645,3646,3647,3648,3649,3650,3651,3652,3653,3654
466,3655,3657,3658,3659,3660,3661,3662,3666,3667
467,3669,3672,3674,3675,3678,3680,3681,3682,3683,3684
468,3685
469,3686
470,3687,3688,3689,3690
471,3691,3693,3694,3697,3701,3711,3713
472,3714,3715,3717,3721,3722,3724,3726,3733,3734
473,3737,3739,3741,3743,3745,3746,3749,3751,3755,3756,3757,3758,3761,3763,3765,3769,3770,3772,3773,3774,3779,3786,3788,3790,3793,3797
474,3799,3800,3801,3803,3804,3807,3808,3810,3811,3812
475,3813,3815,3818,3819,3820,3821,3828
476,3829
477,3830
478,3831,3834
479,3835,3836,3838,3840,3842,3843,3844,3847,3852,3855,3856,3857
480,3858,3861,3862,3863,3866,3867,3869,3872,3873,3878
481,3881,3883,3884,3886,3893,3895,3897,3899,3903,3905,3906,3907,3911,3914,3915,3918,3920,3921,3924,3925,3927,3928,3930,3932,3933,3934,3935,3936,3938,3940,3941
482,3943,3944,3945,3946,3947,3948,3949,3950,3954,3955
483,3957,3958,3961,3966,3970,3972
484,3973
485,3974
486,3975,3976,3978
487,3979,3984,3992
488,4002,4003,4004,4005,4006,4008,4009,4010,4011,4012,4013,4014,4016,4017,4018,4019,4020,4021,4022,4024
489,4025,4026,4030,4034,4036,4038,4048,4049,4050,4051,4054,4060,4063,4065,4068,4069,4070,4071,4081,4082,4086
490,4087,4088,4089,4090,4095,4096,4097,4098,4099,4100
491,4101,4103,4104,4105,4106,4107,4108,4109,4110,4111,4112,4115,4116
492,4117
493,4118
494,4119,4120,4121,4122
495,4123,4124,4128,4129,4132,4133,4134,4135,4136,4138,4139,4141,4143,4144,4145
496,4146,4148,4150,4151,4152,4155,4160,4162,4163
497,4169,4172,4181,4188,4194,4209,4213,4220,4228,4229
498,4231,4232,4236,4237
499,4245,4246,4249,4250,4251,4252,4253,4254,4256,4258,4259,4260
500,4261
501,4262
502,4263,4264,4265,4266
503,4267,4272,4273,4276,4278,4280,4282,4286
504,4290,4292,4293,4294,4295,4296,4297,4298,4299,4300,4301,4302,4303,4304,4305,4306,4308,4309,4310,4311
505,4313,4314,4316,4317,4318,4319,4320,4321,4322,4323,4324,4326,4327,4328,4329,4330,4331,4332,4333,4334,4335,4336,4337,4338,4339,4340,4341,4342,4343,4344,4345,4346,4348,4349,4350,4351,4352,4353,4354,4355,4356,4358,4359,4360,4361,4362,4363,4364,4365,4366,4367,4368,4369,4370,4371,4372,4373,4374
506,4375,4377,4378,4379,4384,4388
507,4389,4390,4391,4392,4393,4394,4395,4396,4397,4398,4399,4400,4401,4402,4403,4404
508,4405
509,4406
510,4407,4408,4409,4410
511,4411,4412,4414,4415,4416,4417,4418,4419,4420,4421,4422,4423,4424,4425,4426,4427,4428,4430,4431,4432,4433
512,4434,4435,4441,4443,4445,4446,4448,4449,4451,4452,4453
513,4457,4461,4462,4469,4477,4480,4488,4491,4510,4513
514,4519,4520,4521,4522,4523,4524,4525,4526,4527,4528,4529,4530,4531,4532
515,4533,4534,4536,4538,4542,4548
516,4549
517,4550
518,4551,4554
519,4555,4557,4558,4559,4561,4563,4565,4566,4567,4568,4570,4572,4573,4574,4575,4576
520,4578,4579,4580,4582,4583,4585,4587,4588,4590,4592,4593,4594,4595,4596,4597,4598,4599,4600
521,4601,4603,4605,4615,4627,4628,4652,4658
522,4663,4664,4665,4666,4669,4670,4671,4672,4674,4676
523,4677,4678,4680,4682,4684,4685,4687,4688,4689,4690,4691
524,4693
525,4694
526,4695,4698
527,4699,4700,4701,4702,4703,4704,4706,4709,4710,4711,4713,4714,4716,4717,4718,4719,4721
528,4722,4723,4724,4725,4726,4727,4728,4729,4730,4731,4732,4733,4734,4735,4736,4737,4738,4739,4740,4741,4742,4743,4744
529,4745,4747,4748,4749,4750,4751,4752,4753,4754,4755,4756,4758,4759,4760,4763,4764,4765,4766,4768,4769,4770,4771,4772,4777,4778,4779,4780,4781,4782,4783,4785,4786,4787,4788,4789,4790,4793,4794,4795,4798,4799,4800,4801,4802,4804,4805,4806
530,4807,4808,4809,4811,4814,4816,4817,4818
531,4821,4836
532,4837
533,4838
534,4839,4842
535,4843,4844,4845,4847,4848,4851,4852,4854,4856,4857,4858,4859,4864
536,4866,4867,4868,4870,4871,4872,4873,4874,4876,4878,4879,4881,4882,4886,4887
537,4889,4890,4891,4892,4893,4896,4897,4898,4899,4900,4901,4903,4904,4905,4906,4907,4908,4910,4913,4914,4915,4916,4917,4918,4919,4920,4922,4924,4926,4927,4930,4931,4932,4933,4934,4938,4939,4940,4941,4942,4943,4944,4945,4946,4948
538,4951,4960
539,4965,4966,4967,4968,4970,4971,4972,4973,4974,4975,4976,4977,4979,4980
540,4981
541,4982
542,4983
543,4987,4995,4998
544,5010,5011,5012,5013,5014,5015,5016,5017,5018,5019,5020,5021,5022,5023,5024,5025,5026,5027,5028,5029,5030,5031,5032
545,5033,5035,5036,5037,5038,5039,5040,5041,5042,5043,5044,5045,5046,5047,5048,5049,5052,5053,5054,5055,5056,5057,5058,5059,5060,5061,5062,5063,5064,5065,5066,5067,5068,5069,5070,5072,5074,5075,5076,5077,5078,5079,5080,5081,5082,5083,5084,5085,5087,5088,5089,5090,5091,5094
546,5095,5096,5097,5098,5099,5101,5102,5103,5104,5105,5106,5107,5108
547,5109,5110,5111,5112,5113,5115,5116,5119,5120,5124
548,5125
549,5126
550,5127,5130
551,5131,5132,5133,5135,5136,5137,5138,5139,5140,5141,5142,5143,5144,5145,5147,5148,5149,5150,5151,5152
552,5154,5155,5156,5157,5159,5160,5161,5162,5164,5165,5166,5167,5168,5169,5170,5171,5172,5173,5174,5175,5176
553,5177,5178,5183,5185,5187,5194,5196,5198,5200,5203,5205,5207,5208,5210,5211,5212,5216,5218,5223,5224,5225,5231,5233,5235,5236,5238
554,5239,5240,5243,5244,5245,5246,5247,5248,5249,5250,5251,5252
555,5253,5254,5260,5264
556,5269
557,5270
558,5271,5272,5273,5274
559,5275,5276,5278,5279,5281,5282,5283,5285,5286,5287,5288,5289,5290,5291,5292,5294,5295,5296,5297
560,5298,5299,5300,5305,5309,5311,5312,5313,5315,5316,5318,5320
561,5321,5334,5339,5345,5352,5354,5370,5371,5381
562,5383,5386,5389,5391,5396
563,5397,5398,5406,5410
564,5413
565,5414
566,5415,5416,5417,5418
567,5419,5423,5428,5433,5438,5439,5441
568,5442,5443,5444,5450,5456,5457,5458,5459,5462
569,5465,5469,5476,5477,5478,5479,5482,5487,5488,5489,5490,5492,5493,5494,5498,5499,5501,5503,5504,5505,5506,5508,5509,5510,5512,5514,5517,5521,5523,5526
570,5527,5528,5529,5530,5531,5532,5533,5534,5535,5536,5537,5538,5539,5540
571,5541,5542,5543,5545,5546,5547,5548,5549,5550,5552,5553,5554,5555,5556
572,5557
573,5558
574,5559,5560,5561
575,5563,5566,5567,5568,5569,5571,5572,5574,5575,5576,5577,5578,5581,5583,5584,5585
576,5586,5587,5588,5595,5601,5602,5606
577,5609,5611,5613,5614,5616,5617,5618,5619,5620,5621,5622,5623,5624,5626,5628,5629,5630,5631,5632,5633,5634,5635,5636,5640,5644,5645,5647,5648,5649,5650,5651,5652,5654,5659,5661,5663,5664,5665,5667,5668,5670
578,5671,5672,5673,5675,5676,5677,5678,5679,5680,5682,5683,5684
579,5685,5686,5687,5688,5692,5693,5694,5696,5697,5698,5699,5700
580,5701
581,5702
582,5703,5705,5706
583,5707,5709,5711,5712,5714,5715,5717,5718,5719,5720,5721,5722,5724,5725,5727
584,5730,5738,5740,5741,5744,5746,5748,5751,5752
585,5753,5754,5756,5758,5759,5761,5763,5764,5765,5766,5768,5770,5771,5772,5773,5775,5778,5780,5781,5782,5784,5785,5786,5788,5791,5792,5793,5794,5795,5796,5798,5799,5802,5805,5807,5808,5814
586,5815,5817,5818,5819,5820,5822,5826,5827,5828
587,5829,5830,5832,5833,5835,5836,5837,5838,5840,5841,5842,5843,5844
588,5845
589,5846
590,5847,5848
591,5851,5852,5854,5855,5856,5858,5859,5860,5861,5864,5866,5868,5869,5870,5871
592,5874,5875,5878,5882,5884,5891
593,5897,5919,5941
594,5959,5965,5966
595,5973,5975,5977,5978,5980,5982,5983,5984,5985,5986,5987,5988
596,5989
597,5990
598,5991,5992,5993
599,5995,5996,5997,5999,6000,6002,6003,6004,6006,6007,6008,6010,6012,6015
600,6018,6019,6020,6021,6022,6023,6026,6027,6028,6029,6030,6031,6032,6033,6034,6035,6036,6037,6038,6039,6040
601,6041,6042,6045,6046,6048,6053,6057,6058,6059,6060,6062,6064,6065,6072,6073,6076,6079,6082,6083,6085,6088,6091,6093,6094,6096,6097,6099,6101
602,6103,6105,6106,6107,6108,6112,6113
603,6117,6120
604,6133
605,6134
606,6135,6136,6137,6138
607,6139,6142,6147,6148,6150,6151,6152,6154,6161
608,6162,6163,6164,6165,6166,6167,6168,6169,6170,6171,6172,6174,6175,6176,6177,6178,6179,6180,6182,6183,6184
609,6185,6189,6200,6203,6206,6222
610,6247,6249,6250,6251,6252,6253,6254,6255,6256,6257,6258,6260
611,6261,6262,6263,6264,6268,6270,6271,6272
612,6277
613,6278
614,6279,6280,6281,6282
615,6283,6284,6285,6286,6287,6288,6289,6290,6291,6293,6294,6296,6297,6298,6299,6300,6301,6302,6305
616,6306,6307,6310,6312,6319,6323,6324,6326
617,6329,6334,6338,6340,6342,6345,6346,6349,6351,6354,6355,6357,6360,6367,6374,6377,6380,6384,6386,6387,6388,6390
618,6391,6392,6402,6403
619,6405,6406,6407,6408,6409,6411,6412,6413,6414,6415,6417,6418,6419,6420
620,6421
621,6422
622,6423,6425
623,6427,6428,6429,6430,6431,6432,6433,6434,6435,6436,6437,6438,6439,6440,6441,6442,6444,6445,6446,6448,6449
624,6450,6451,6453,6454,6456,6457,6458,6459,6460,6462,6463,6464,6465,6467,6468,6470,6471
625,6473,6480,6486,6489,6492,6496,6503,6507,6521,6523,6534
626,6535,6536,6537,6541,6546,6547,6548
627,6549,6550,6551,6552,6553,6554,6555,6557,6558,6559,6560,6561,6562,6563,6564
628,6565
629,6566
630,6567,6569,6570
631,6571,6572,6573,6574,6575,6576,6577,6579,6580,6581,6582,6583,6584,6585,6586,6587,6588,6589,6590,6591,6592
632,6594,6595,6596,6597,6599,6600,6603,6605,6606,6608,6609,6610,6611,6612,6613,6615
633,6617,6618,6619,6620,6621,6622,6623,6624,6625,6626,6627,6628,6629,6630,6631,6632,6633,6634,6635,6636,6638,6639,6640,6641,6642,6643,6645,6646,6647,6648,6650,6651,6652,6654,6655,6657,6658,6659,6660,6661,6662,6663,6664,6666,6667,6668,6669,6670,6671,6672,6673,6675,6676,6677,6678
634,6679,6680,6681,6682,6683,6684,6685,6686,6687,6689,6691,6692
635,6693,6694,6695,6696,6698,6699,6700,6701,6703,6704,6705,6706,6707
636,6709
637,6710
638,6711,6714
639,6715,6718,6728,6730,6735
640,6738,6739,6740,6741,6742,6743,6744,6745,6746,6747,6748,6749,6750,6751,6752,6753,6754,6755,6756,6757,6758,6759,6760
641,6761,6764,6765,6766,6767,6768,6769,6770,6771,6773,6775,6778,6779,6781,6782,6784,6786,6791,6792,6793,6796,6798,6799,6800,6801,6802,6803,6804,6808,6809,6812,6814,6815,6818,6820
642,6823,6824,6828,6834
643,6837,6838,6839,6840,6841,6842,6843,6844,6845,6846,6847,6848,6850,6851,6852
644,6853
645,6854
646,6855,6856,6858
647,6859,6868,6878,6879,6880
648,6882,6885,6886,6888,6894,6895,6898,6899,6900
649,6905,6906,6907,6908,6909,6910,6913,6915,6916,6917,6918,6919,6920,6921,6925,6926,6927,6928,6929,6930,6932,6933,6934,6937,6938,6940,6941,6942,6944,6946,6947,6948,6949,6950,6951,6952,6953,6954,6957,6958,6960,6961,6962,6964,6965,6966
650,6967,6972,6976,6979
651,6981,6983,6984,6986,6987,6989,6991,6994,6995
652,6997
653,6998
654,6999,7001,7002
655,7003,7004,7005,7006,7007,7008,7009,7010,7011,7012,7013,7014,7015,7016,7017,7018,7019,7020,7021,7022,7023,7024,7025
656,7026,7027,7028,7029,7030,7031,7032,7033,7034,7035,7036,7037,7038,7039,7040,7041,7042,7043,7044,7045,7047,7048
657,7049,7050,7051,7052,7054,7055,7056,7057,7058,7060,7061,7062,7064,7065,7066,7067,7068,7069,7070,7072,7073,7074,7075,7077,7078,7079,7080,7081,7082,7083,7084,7085,7086,7088,7090,7091,7092,7093,7094,7095,7097,7098,7099,7100,7101,7102,7103,7104,7105,7106,7107,7108,7109,7110
658,7111,7115,7120,7122
659,7125,7129,7130,7131,7134,7139
660,7141
661,7142
662,7143
663,7147,7148,7149,7150,7151,7152,7153,7154,7156,7157,7159,7160,7161,7163,7164,7165,7166,7167,7169
664,7170,7172,7173,7174,7175,7176,7177,7179,7180,7181,7182,7184,7185,7186,7187,7188,7189,7190,7191
665,7193,7196,7197,7199,7200,7201,7202,7203,7207,7208,7209,7210,7212,7215,7216,7218,7219,7220,7221,7223,7234,7235,7237,7240,7246,7247,7251,7253
666,7255,7256,7258,7262,7263,7265,7266,7267
667,7269,7270,7274,7281,7284
668,7285
669,7286
670,7287,7288,7289
671,7291,7294,7295,7301,7305,7306,7308,7311,7313
672,7314,7336
673,7337,7338,7339,7340,7341,7342,7343,7344,7345,7346,7347,7348,7349,7350,7351,7352,7353,7354,7355,7356,7357,7358,7359,7360,7361,7362,7363,7364,7365,7366,7367,7368,7369,7370,7371,7372,7373,7374,7375,7376,7377,7378,7379,7380,7381,7382,7383,7384,7385,7386,7387,7388,7389,7390,7391,7392,7393,7394,7395,7396,7397,7398
674,7399,7400,7407
675,7413,7414,7422,7423
676,7429
677,7430
678,7431,7432,7433,7434
679,7435,7446,7453
680,7458,7459,7460,7462,7463,7465,7466,7468,7472,7475,7477,7478,7479,7480
681,7481,7482,7483,7485,7487,7488,7489,7491,7492,7493,7494,7495,7497,7498,7499,7500,7501,7502,7503,7504,7505,7506,7508,7509,7510,7513,7514,7515,7516,7517,7520,7521,7522,7523,7524,7525,7528,7529,7530,7531,7533,7535,7538,7540,7542
682,7543,7545,7547,7554,7555
683,7557,7567,7568,7571
684,7573
685,7574
686,7575,7577,7578
687,7579,7580,7581,7582,7583,7584,7585,7586,7587,7588,7589,7590,7591,7592,7593,7594,7595,7596,7597,7598,7599,7600,7601
688,7602,7603,7604,7605,7607,7608,7609,7610,7612,7613,7614,7615,7616,7617,7618,7619,7620,7621,7622,7623,7624
689,7625,7626,7627,7628,7629,7630,7631,7632,7633,7634,7635,7636,7638,7639,7640,7641,7642,7643,7644,7645,7646,7647,7648,7650,7651,7652,7653,7655,7656,7657,7658,7660,7662,7663,7666,7667,7668,7669,7670,7671,7672,7673,7674,7675,7676,7677,7678,7679,7680,7681,7682,7683,7684,7685,7686
690,7687,7691,7692,7694,7696,7698,7699,7700
691,7701,7704,7708,7709,7711,7712,7715,7716
692,7717
693,7718
694,7719,7720,7721,7722
695,7723,7724,7725,7726,7728,7729,7730,7731,7732,7733,7735,7736,7737,7738,7739,7740,7741,7742,7743,7744,7745
696,7746,7747,7748,7749,7750,7751,7752,7753,7754,7755,7756,7757,7758,7759,7760,7761,7762,7763,7764,7765,7766,7768
697,7769,7786,7802,7809,7815
698,7831,7833,7834,7835,7837,7838,7839,7840,7841,7842,7843,7844
699,7845,7846,7847,7848,7849,7850,7851,7852,7854,7855,7856,7857
700,7861
701,7862
702,7863,7864,7865,7866
703,7867,7869,7871,7873,7874,7875,7876,7878,7879,7882,7883,7884
704,7890,7891,7897,7900,7905
705,7913,7919,7922,7923,7924,7926,7931,7933,7934,7935,7936,7938,7939,7941,7943,7944,7945,7946,7948,7950,7951,7952,7953,7954,7957,7958,7962,7964,7965,7966,7967,7968,7973
706,7975,7976,7982
707,7989,7990,7991,7992,7993,7994,7995,7996,7997,7998,7999,8000,8001,8002,8003,8004
708,8005
709,8006
710,8007,8008,8009
711,8011,8012
712,8034,8036,8037,8038,8040,8042,8044,8047,8048,8049,8050,8051,8052,8053,8054,8055,8056
713,8057,8059,8060,8062,8064,8065,8066,8068,8069,8070,8071,8074,8078,8079,8082,8083,8084,8085,8086,8087,8091,8094,8095,8097,8098,8099,8101,8109,8112,8114,8118
714,8119,8126,8128
715,8133,8138,8139,8140,8144,8146,8147,8148
716,8149
717,8150
718,8151,8152,8153,8154
719,8155,8156,8157,8158,8159,8161,8163,8164,8170,8171,8173,8175,8176,8177
720,8178,8183,8194,8195
721,8201,8202,8203,8204,8205,8206,8207,8209,8210,8211,8213,8214,8215,8216,8217,8218,8219,8220,8221,8222,8224,8225,8227,8228,8229,8230,8231,8232,8234,8235,8236,8237,8238,8240,8241,8242,8243,8245,8246,8247,8248,8249,8250,8251,8252,8253,8254,8255,8256,8257,8258,8260,8262
722,8263,8271
723,8277,8278,8279,8280,8281,8282,8283,8284,8285,8286,8288,8289,8290,8291,8292
724,8293
725,8294
726,8295,8296,8297,8298
727,8299,8303,8306,8308,8309,8318,8319,8320
728,8322,8325,8326,8328,8329,8332,8333,8335,8337,8340,8341,8342
729,8345,8351,8359,8366,8368,8369,8372,8377,8387,8393,8401,8403
730,8407,8408,8409,8410,8411,8412,8413,8414,8416,8417,8418,8419,8420
731,8421,8423,8424,8425,8426,8430,8431,8434,8435,8436
732,8437
733,8438
734,8439,8440,8441
735,8443,8444,8445,8446,8447,8449,8450,8451,8452,8455,8456,8457,8458,8460,8461,8462,8464
736,8466,8470,8483,8484
737,8489,8490,8491,8492,8493,8494,8495,8496,8497,8498,8499,8500,8501,8502,8503,8504,8505,8506,8507,8508,8509,8510,8511,8512,8513,8514,8515,8516,8517,8518,8519,8520,8521,8522,8523,8524,8525,8526,8527,8528,8529,8530,8531,8532,8533,8534,8535,8536,8537,8538,8539,8540,8541,8542,8543,8544,8545,8546,8547,8548,8549,8550
738,8551,8563
739,8565,8566,8567,8568,8570,8572,8573,8578
740,8581
741,8582
742,8583,8586
743,8587,8589,8590,8591,8592,8594,8595,8596,8598,8602,8604,8605,8609
744,8610,8611,8612,8614,8615,8616,8617,8618,8620,8621,8623,8624,8625,8626,8627,8628,8629,8630,8632
745,8633,8636,8639,8640,8642,8643,8644,8645,8648,8649,8650,8652,8653,8654,8658,8659,8660,8661,8662,8664,8665,8667,8671,8672,8674,8675,8677,8679,8680,8681,8682,8684,8685,8686,8687,8688,8689,8690,8692,8693,8694
746,8695,8698,8707
747,8709,8710,8713,8714,8717,8718,8719,8720,8721,8722,8723,8724
748,8725
749,8726
750,8727,8728,8729,8730
751,8731,8733,8734,8740,8743,8746,8747,8748
752,8754,8756,8757,8758,8759,8760,8761,8762,8763,8764,8765,8766,8767,8768,8769,8770,8771,8772,8773,8774,8775,8776
753,8777,8778,8779,8780,8781,8782,8783,8784,8785,8786,8787,8788,8789,8790,8791,8792,8794,8795,8796,8799,8800,8801,8802,8803,8804,8805,8807,8808,8810,8811,8812,8813,8814,8815,8816,8817,8818,8819,8820,8821,8822,8823,8824,8825,8826,8827,8828,8829,8830,8831,8832,8833,8834,8835,8836,8837,8838
754,8839,8841,8846,8851,8852
755,8853,8855,8856,8861,8863,8865,8866,8867,8868
756,8869
757,8870
758,8871,8872,8873
759,8875,8877,8878,8881,8886,8889,8894
760,8898,8899,8900,8902,8905,8906,8907,8908,8910,8911,8914,8916
761,8921,8922,8930,8933,8939,8947,8949,8964,8966,8967,8968,8969,8970,8973,8975,8977,8978
762,8983,8985,8988,8992
763,8997,8998,9000,9001,9002,9004,9005,9006,9008,9009,9012
764,9013
765,9014
766,9015,9017
767,9019,9020,9021,9022,9023,9024,9025,9027,9030,9033,9034,9036,9037,9038,9039,9040,9041
768,9042,9043,9044,9045,9048,9050,9051,9052,9053,9055,9056,9058,9059,9060,9061,9062,9063,9064
769,9065,9068,9070,9071,9073,9120,9123,9124
770,9127,9128,9129,9131,9133,9135
771,9141,9143,9145,9146,9148,9149,9150,9154,9156
772,9157
773,9158
774,9159,9160,9161,9162
775,9163,9164,9167,9170,9172,9173,9175,9176,9177,9178,9181,9183,9184
776,9186,9187,9188,9189,9190,9191,9192,9193,9194,9195,9196,9198,9199,9200,9203,9204,9205,9206,9207,9208
777,9209,9215,9218,9219,9221,9235,9237,9242,9247,9249,9250,9252,9255,9260,9263,9265,9267,9268
778,9271,9273,9279
779,9285,9286,9288,9289,9292,9299,9300
780,9301
781,9302
782,9303,9304,9305,9306
783,9307,9308,9313,9316,9319,9321,9322,9323,9324
784,9330,9333,9335,9336,9342,9345,9346,9347,9350,9351,9352
785,9353,9354,9355,9357,9359,9361,9362,9363,9364,9365,9366,9367,9368,9369,9370,9371,9374,9375,9376,9377,9378,9379,9381,9382,9383,9385,9386,9387,9388,9389,9390,9391,9392,9394,9395,9396,9397,9398,9399,9400,9401,9403,9404,9405,9406,9407,9409,9410,9411,9412,9413
786,9415,9417,9420,9421,9425
787,9429,9430,9431,9432,9433,9435,9436,9437,9438,9440,9441,9442,9443,9444
788,9445
789,9446
790,9447,9448,9449,9450
791,9451,9454,9461,9463,9464,9465,9469,9470,9473
792,9474,9475,9476,9477,9478,9479,9480,9481,9482,9483,9484,9485,9486,9487,9488,9489,9491,9492,9493,9494,9495
793,9497,9500,9501,9502,9503,9504,9505,9506,9507,9508,9509,9510,9511,9512,9513,9515,9516,9518,9520,9521,9523,9524,9525,9526,9529,9530,9531,9532,9533,9534,9536,9537,9538,9539,9540,9542,9543,9544,9545,9548,9549,9551,9552,9554,9555,9556,9557
794,9559,9560,9563,9564,9568
795,9573,9575
796,9589
797,9590
798,9591,9592,9594
799,9595,9596,9598,9599,9601,9603,9606,9607,9608,9610,9612
800,9618,9625,9627,9638
801,9641,9653,9656,9665,9674,9678,9685,9686,9695,9698,9700
802,9703,9707
803,9717,9718,9719,9720,9721,9722,9723,9724,9725,9726,9728,9729,9730,9731,9732
804,9733
805,9734
806,9735,9736,9737
807,9739,9742,9755
808,9762,9763,9764,9766,9767,9768,9770,9771,9772,9773,9775,9776,9777,9778,9779,9781,9782,9783,9784
809,9785,9792,9795,9801,9818,9823,9824,9828,9835,9837,9841,9844
810,9847,9848,9849,9851,9853,9855,9856,9857,9858,9859,9860
811,9861,9863
812,9877
813,9878
814,9879,9880,9881
815,9883,9898,9903
816,9906,9907,9908,9909,9910,9911,9912,9913,9914,9916,9917,9918,9919,9920,9921,9922,9923,9924,9926,9927,9928
817,9929,9932,9933,9937,9939,9946,9949,9950,9953,9963,9974,9978,9980,9983,9985,9988
818,9991,9993,9999,10003
819,10005,10006,10007,10008,10009,10010,10011,10012,10013,10014,10015,10016,10017,10018,10019,10020
820,10021
821,10022
822,10023,10025,10026
823,10027,10028,10030,10031,10032,10033,10034,10035,10036,10037,10038,10039,10040,10041,10042,10043,10044,10045,10046,10047,10048,10049
824,10050,10051,10055,10056,10058,10059,10061,10062,10064,10065,10067,10068,10069,10070,10072
825,10073,10074,10075,10077,10089,10091,10093,10094,10098,10101,10104,10105,10106,10108,10115,10120,10121,10122,10126,10128,10132,10133,10134
826,10135,10137,10141,10142,10145,10146,10147,10148
827,10149,10153,10157,10161
828,10165
829,10166
830,10167,10168
831,10171,10173,10176,10177,10179,10180,10183,10184,10185,10187,10188,10189,10191,10192
832,10194,10195,10197,10198,10199,10200,10201,10202,10204,10205,10206,10208,10210,10212,10215
833,10217,10218,10219,10225,10230,10232,10233,10235,10238,10243,10245,10246,10251,10252,10254,10255,10257,10260,10261,10266,10267,10269,10271,10273,10277
834,10279,10280,10283,10289,10291,10292
835,10293,10294,10295,10296,10297,10298,10301,10303,10306,10307,10308
836,10309
837,10310
838,10311,10312,10313,10314
839,10315,10316,10320,10326,10327,10328,10330,10332,10334,10337
840,10338,10342,10343,10348
841,10361,10362,10363,10364,10365,10370,10372,10376,10377,10378,10379,10383,10386,10388,10389,10391,10392,10394,10396,10397,10404,10405,10406,10407,10409,10410,10411,10413,10416,10417,10419,10421
842,10423,10424,10425,10426,10427,10428,10429,10430,10431,10432,10433,10434,10435,10436
843,10437,10442,10443,10444,10448,10449,10450,10452
844,10453
845,10454
846,10455,10456,10457,10458
847,10459,10460,10462,10463,10466,10470,10472,10478
848,10482,10483,10484,10485,10486,10487,10488,10489,10490,10491,10492,10493,10494,10496,10497,10498,10499,10500,10501,10502,10504
849,10505,10519,10531,10533,10536,10552,10557,10559,10564
850,10567,10568,10569,10570,10572,10573,10574,10575,10576,10578,10579,10580
851,10581,10583,10584,10587,10588,10589,10590,10591,10592,10593,10594,10595,10596
852,10597
853,10598
854,10599,10600
855,10603,10613,10615,10616,10621,10624
856,10626,10627,10629,10630,10631,10632,10633,10634,10635,10637,10638,10639,10640,10641,10642,10643,10644,10645,10646,10648
857,10649,10651,10652,10654,10656,10657,10659,10661,10665,10666,10668,10669,10674,10675,10676,10678,10679,10681,10682,10683,10685,10686,10687,10688,10689,10690,10691,10692,10693,10694,10695,10697,10699,10701,10702,10707,10709
858,10711,10712,10713,10714,10715,10716,10717,10718,10719,10720,10722,10723,10724
859,10725,10726,10727,10728,10730,10731,10732,10733,10734,10735,10736,10737,10738,10739
860,10741
861,10742
862,10743,10744,10745
863,10747,10749,10750,10751,10752,10754,10755,10757,10758,10759,10761,10763,10764,10766,10767,10768
864,10770,10771,10773,10774,10776,10779,10780,10781,10782,10784,10785,10786,10787,10788,10789,10790,10791,10792
865,10793,10797,10799,10800,10801,10803,10804,10807,10810,10811,10813,10815,10816,10818,10819,10820,10823,10824,10826,10827,10828,10831,10832,10833,10835,10837,10839,10842,10844,10845,10846,10847,10848,10850,10851,10852,10854
866,10855,10856,10859,10868
867,10869,10871
868,10885
869,10886
870,10887,10888,10890
871,10891,10895,10898,10911,10912
872,10914,10925,10928
873,10937,10938,10939,10940,10941,10942,10944,10945,10946,10947,10948,10949,10950,10951,10952,10953,10954,10955,10956,10957,10958,10959,10960,10961,10962,10963,10964,10965,10966,10967,10968,10970,10971,10972,10973,10974,10975,10976,10977,10978,10979,10980,10981,10982,10983,10984,10985,10986,10987,10988,10989,10990,10991,10992,10993,10994,10995,10996,10997,10998
874,10999,11005,11006,11008
875,11013,11014,11016,11018,11023,11024,11025,11026,11027,11028
876,11029
877,11030
878,11031,11033
879,11035,11036,11037,11038,11039,11040,11041,11042,11043,11044,11046,11048,11049,11050,11051,11052,11053,11055,11056,11057
880,11058,11059,11060,11062,11063,11064,11066,11069,11071,11073,11074,11076,11078
881,11081,11082,11083,11084,11085,11086,11087,11088,11089,11090,11091,11092,11093,11097,11098,11099,11100,11101,11102,11103,11104,11105,11106,11107,11108,11109,11110,11111,11112,11113,11114,11115,11116,11117,11118,11119,11120,11121,11122,11123,11124,11125,11126,11127,11128,11129,11130,11131,11132,11133,11134,11135,11137,11138,11139,11140,11141,11142
882,11143,11145,11147,11152,11153,11154,11155,11156
883,11157,11158,11159,11160,11161,11162,11164,11165,11166,11167,11168,11169,11171,11172
884,11173
885,11174
886,11175,11176
887,11179,11180,11185,11190,11194,11195,11198,11199
888,11202,11203,11205,11206,11207,11208,11209,11210,11211,11212,11213,11214,11216,11217,11218,11219,11220,11221,11222,11223,11224
889,11225,11228,11229,11230,11231,11233,11234,11235,11236,11239,11240,11241,11244,11250,11255,11256,11258,11260,11261,11266,11267,11270,11272,11276,11282,11283,11285,11286
890,11287,11290,11295,11298,11299,11300
891,11301,11303,11304,11307,11309,11314
892,11317
893,11318
894,11319,11320
895,11323,11324,11326,11330,11332,11335,11342,11344,11345
896,11346,11348,11355,11357,11360,11361,11362,11364,11366,11368
897,11369,11370,11371,11372,11373,11374,11375,11376,11377,11378,11379,11380,11381,11382,11383,11384,11386,11387,11388,11389,11390,11391,11392,11393,11394,11395,11396,11397,11398,11399,11400,11401,11402,11403,11404,11405,11406,11407,11408,11409,11410,11411,11412,11413,11414,11415,11416,11417,11418,11419,11420,11421,11422,11423,11424,11425,11426,11427,11428,11429,11430
898,11431,11432,11433,11434,11435,11436,11438,11440,11441,11442,11443,11444
899,11445,11452,11454
900,11461
901,11462
902,11463,11464,11466
903,11467,11469,11471,11472,11473,11474,11476,11478,11479,11480,11481,11483,11485,11486,11487,11488
904,11490,11495,11496,11497,11498,11499,11501,11504,11505,11507,11509
905,11513,11514,11515,11516,11517,11518,11519,11520,11521,11523,11524,11526,11528,11531,11532,11533,11535,11536,11537,11538,11539,11540,11541,11542,11543,11545,11546,11547,11548,11549,11550,11551,11552,11553,11554,11556,11558,11560,11561,11564,11566,11569,11570,11571,11572,11573
906,11575,11576,11578,11579,11580,11581,11582,11583,11585,11587,11588
907,11589,11591,11593,11595,11596,11597,11598,11599,11600,11601,11602
908,11605
909,11606
910,11607,11608,11609
911,11611,11614,11616,11621,11623,11624,11629,11631,11633
912,11634,11638,11639,11642,11644,11646,11647,11652,11653,11654
913,11657,11658,11666,11668,11672,11676,11678,11681,11687,11689,11696,11700,11709,11717
914,11719,11720,11721,11722,11723,11724,11725,11726,11727,11728,11729,11730,11731,11732
915,11733,11734,11741
916,11749
917,11750
918,11751,11752,11753,11754
919,11755
920,11778,11780,11784,11789,11791,11792,11796,11797,11798
921,11801,11805,11813,11822,11835,11856
922,11863,11864,11865,11866,11867,11868,11869,11870,11871,11872,11875
923,11877,11879,11886,11887,11889,11890
924,11893
925,11894
926,11895
927,11899,11900,11903,11904,11906,11908,11909,11910,11911,11912,11913,11914,11916,11917,11918,11920
928,11922,11923,11925
929,11945,11965
930,12007,12008,12009,12010,12011,12012,12013,12014,12015,12018,12020
931,12021,12025,12027,12028,12030,12031,12034,12036
932,12037
933,12038
934,12039,12040,12041,12042
935,12043,12046,12049,12056,12057,12063
936,12066,12067,12068,12070,12071,12072,12075,12077,12078,12083
937,12089,12103,12106,12107,12111,12113,12114,12120,12145,12146
938,12151,12154,12156
939,12165,12170,12172,12173,12177,12178
940,12181
941,12182
942,12183
943,12187,12189,12191,12192,12193,12201,12202,12205,12207,12209
944,12210,12212,12216,12217,12219,12222,12224,12225,12227,12228,12230,12231,12232
945,12233,12234,12237,12238,12239,12240,12241,12242,12243,12246,12247,12248,12249,12250,12252,12253,12255,12259,12260,12265,12270,12272,12273,12274,12276,12278,12279,12280,12281,12282,12284,12286,12287,12290,12292,12294
946,12295,12296,12297,12299,12300,12301,12302,12304,12305,12306,12307,12308
947,12309,12311,12313,12314,12315,12316,12318,12321,12324
948,12325
949,12326
950,12327,12328,12329,12330
951,12331,12332,12333,12334,12335,12336,12337,12338,12339,12340,12341,12342,12343,12344,12345,12346,12347,12348,12349,12350,12351,12352,12353
952,12354,12355,12356,12357,12358,12359,12360,12361,12362,12363,12364,12365,12366,12367,12368,12369,12370,12371,12372,12373,12374,12375,12376
953,12377,12379,12382,12385,12386,12387,12394,12395,12396,12399,12403,12406,12407,12410,12411,12414,12416,12425,12426,12430,12431,12436
954,12439,12440,12441,12442,12445,12448,12451,12452
955,12453,12456,12460,12465
956,12469
957,12470
958,12471,12472,12473,12474
959,12475,12478,12479,12481,12482,12486,12487,12489,12493,12496
960,12498,12499,12500,12501,12504,12506,12507,12508,12510,12512,12513,12515,12516,12517,12518,12519
961,12521,12523,12526,12527,12528,12530,12532,12533,12534,12536,12537,12539,12540,12543,12546,12547,12550,12551,12552,12553,12554,12555,12556,12557,12559,12562,12564,12568,12572,12573,12575,12577,12579,12580,12581
962,12583,12587
963,12597,12598,12599,12600,12601,12602,12603,12604,12605,12606,12607,12608,12609,12610,12611
964,12613
965,12614
966,12615,12618
967,12619,12630
968,12642,12643,12644,12645,12647,12649,12653,12654,12655,12657,12659,12660,12661,12664
969,12665,12667,12668,12674,12675,12682,12692,12698,12702,12714,12715,12717,12720
970,12727,12729,12730,12732,12733,12734,12735,12737,12739,12740
971,12741,12742,12743,12744,12745,12746,12747,12748,12749,12750,12751,12752,12753,12754,12756
972,12757
973,12758
974,12759,12761
975,12763,12767,12770,12775,12782,12785
976,12786,12794,12798,12800,12801,12805
977,12809,12810,12811,12813,12814,12815,12816,12817,12818,12819,12820,12821,12822,12823,12825,12826,12828,12829,12830,12832,12834,12836,12838,12839,12842,12843,12844,12846,12847,12849,12850,12851,12852,12853,12854,12856,12857,12858,12859,12861,12862,12863,12864,12865,12866,12867,12868,12869,12870
978,12871,12872,12873,12876,12877,12878,12880,12881,12882,12883,12884
979,12885,12886,12887,12892,12896,12898,12900
980,12901
981,12902
982,12903,12904,12905,12906
983,12907,12908,12909,12910,12911,12912,12913,12914,12915,12916,12917,12918,12919,12920,12921,12922,12924,12925,12926,12927,12928,12929
984,12930,12931,12932,12933,12934,12936,12937,12939,12940,12942,12943,12944,12945,12946,12948,12949,12951,12952
985,12953,12954,12955,12956,12958,12959,12960,12961,12963,12964,12966,12968,12969,12971,12973,12974,12975,12976,12977,12978,12979,12980,12984,12985,12986,12987,12988,12989,12992,12995,12997,12998,13000,13001,13002,13003,13004,13005,13007,13008,13009,13010,13011,13012,13013,13014
986,13015,13016,13019,13020,13022,13023,13024
987,13029,13030,13031,13032,13036,13037,13038,13040,13041,13042,13043,13044
988,13045
989,13046
990,13047,13048,13049,13050
991,13051,13070
992,13074,13075,13076,13086,13087,13088,13092,13094,13095
993,13097,13099,13105,13111,13113,13115,13116,13117,13122,13123,13134,13135,13139,13140,13143,13148,13149,13150,13152,13155,13156,13157,13158
994,13159,13160,13161,13162,13163,13164,13169,13170,13172
995,13173,13174,13176,13177,13179,13180,13182,13183,13185
996,13189
997,13190
998,13191,13193
999,13195,13196,13197,13198,13199,13200,13201,13202,13203,13204,13205,13206,13207,13208,13209,13210,13211,13212,13213,13214,13215,13216,13217
1000,13218,13219,13220,13221,13222,13223,13224,13227,13229,13231,13232,13235,13236,13237,13238,13240
1001,13241,13242,13243,13244,13245,13246,13247,13249,13250,13251,13252,13253,13254,13256,13257,13258,13259,13261,13262,13263,13264,13265,13266,13267,13268,13269,13271,13272,13273,13274,13275,13276,13277,13278,13279,13280,13281,13282,13283,13284,13285,13287,13288,13289,13290,13291,13292,13293,13294,13295,13296,13297,13298,13299,13300,13301,13302
1002,13303,13304,13305,13306,13307,13308,13310,13311,13313,13314,13316
1003,13317,13318,13319,13320,13321,13322,13323,13324,13325,13326,13327,13328,13329,13331,13332
1004,13333
1005,13334
1006,13335,13338
1007,13339,13345,13346,13349,13350,13353,13356,13358,13360
1008,13362,13363,13365,13366,13367,13368,13369,13370,13371,13372,13373,13374,13375,13376,13377,13378,13379,13381,13382,13384
1009,13385,13386,13387,13388,13389,13390,13391,13392,13393,13394,13395,13396,13397,13398,13399,13400,13401,13402,13403,13404,13405,13406,13407,13408,13409,13410,13411,13413,13414,13415,13416,13417,13418,13419,13420,13421,13422,13423,13424,13425,13426,13427,13428,13429,13430,13431,13432,13433,13434,13435,13436,13437,13438,13440,13441,13442,13443,13444,13445,13446
1010,13447,13448,13453,13454,13455,13456,13457
1011,13461,13462,13463,13464,13465,13466,13467,13469,13471,13472,13473,13475,13476
1012,13477
1013,13478
1014,13479,13480
1015,13483,13485,13486,13487,13488,13489,13490,13491,13492,13493,13495,13496,13497,13499,13500,13503,13505
1016,13506,13507,13510,13511,13512,13513,13514,13515,13516,13517,13519,13521,13522,13523,13524,13525,13527
1017,13529,13530,13538,13539,13540,13542,13549,13557,13558,13559,13564,13568,13569,13570,13572,13577,13578,13579,13581,13583,13584,13585,13588
1018,13591,13592
1019,13605,13607,13611,13613,13616,13617,13618,13620
1020,13621
1021,13622
1022,13623,13624,13625,13626
1023,13627,13629,13634,13638,13639,13641,13642,13644
1024,13650,13652,13653,13655,13661,13662,13664,13667,13668,13669,13671,13672
1025,13673,13674,13675,13676,13677,13678,13679,13680,13681,13682,13683,13684,13685,13687,13688,13689,13690,13691,13693,13694,13695,13696,13697,13698,13699,13700,13701,13703,13704,13705,13706,13708,13709,13710,13711,13712,13713,13714,13715,13716,13717,13718,13719,13721,13722,13723,13724,13725,13726,13727,13728,13729,13730,13731,13732,13733,13734
1026,13735,13736,13740,13743
1027,13749,13752,13757,13762
1028,13765
1029,13766
1030,13767,13768,13770
1031,13771,13776,13778,13789
1032,13794,13810
1033,13817,13818,13819,13820,13821,13822,13823,13824,13825,13826,13827,13828,13832,13833,13834,13843,13844,13846,13847,13851,13852,13853,13854,13857,13858,13859,13861,13863,13864,13866,13867,13868,13869,13872,13873,13874
1034,13879,13880,13883,13884,13887,13888,13890
1035,13893,13897,13898,13899,13900,13901,13902,13903,13904,13905,13906,13907,13908
1036,13909
1037,13910
1038,13911,13912
1039,13915,13918
1040,13938,13939,13940,13942,13945,13949,13950,13953,13954,13955,13956,13958,13960
1041,13961,13964,13967,13973,13974,13979,13984,13985,13989,13990,13991,13994,13997,13999,14002,14005,14006,14007,14009,14012,14013,14014,14020
1042,14023,14025,14026,14029,14031,14032
1043,14037,14038,14039,14040,14041,14044,14045,14047,14048,14050,14051
1044,14053
1045,14054
1046,14055,14056
1047,14059,14060,14064,14066,14075,14076,14079
1048,14082,14083,14084,14085,14086,14087,14088,14089,14090,14091,14092,14093,14094,14095,14096,14097,14098,14099,14100,14101,14102,14103,14104
1049,14105,14108,14112,14114,14115,14120,14124,14128,14129,14132,14137,14143,14145,14151,14154,14155,14157,14158,14160,14162,14163
1050,14167,14171,14172,14174,14175,14176,14178,14179,14180
1051,14181,14183,14184,14186,14187,14188,14189,14190,14191,14192,14193,14194,14195,14196
1052,14197
1053,14198
1054,14199,14202
1055,14203,14204,14206,14207,14208,14210,14211,14213,14217,14218,14219,14220,14222,14223,14224
1056,14226,14227,14228,14229,14230,14231,14232,14233,14234,14236,14237,14238,14240,14241,14242,14243,14246,14247,14248
1057,14249,14250,14253,14254,14255,14256,14257,14259,14261,14264,14265,14266,14267,14268,14269,14270,14273,14274,14275,14277,14278,14279,14280,14282,14284,14285,14286,14288,14289,14290,14293,14294,14295,14296,14297,14299,14300,14303,14304,14305,14306,14307,14308,14309,14310
1058,14311,14312,14313,14314,14315,14316,14317,14319,14320,14322
1059,14325,14326,14327,14328,14329,14330,14331,14332,14333,14334,14335,14336,14337,14338,14339,14340
1060,14341
1061,14342
1062,14343,14344,14345,14346
1063,14347,14349,14350,14351,14353,14355,14356,14358,14359,14361,14362,14364,14366,14367,14368,14369
1064,14370,14371,14374,14375,14377,14378,14379,14380,14381,14382,14383,14384,14386,14387,14388,14389,14391
1065,14393,14401,14405,14407,14409,14411,14416,14422,14436,14438,14439,14450,14451,14453
1066,14455,14456,14457,14458,14459,14460,14461,14462,14463,14464,14465,14466,14467,14468
1067,14469,14470,14472,14473,14474,14476,14477,14478,14479,14480,14481,14484
1068,14485
1069,14486
1070,14487,14489,14490
1071,14491,14492,14493,14495,14496,14497,14498,14499,14503,14504,14505,14507,14508,14510
1072,14514,14535
1073,14537,14540,14542,14544,14545,14550,14551,14552,14555,14556,14559,14560,14565,14576,14579,14581,14583,14587,14588,14589,14590,14596,14597
1074,14599,14601,14604,14605,14608,14611,14612
1075,14613,14614,14616,14617,14619,14620,14621,14626,14627,14628
1076,14629
1077,14630
1078,14631,14632,14633,14634
1079,14635,14637,14638,14639,14640,14645,14646,14647,14648,14649,14650,14651,14653,14654,14656,14657
1080,14658,14659,14662,14663,14666,14675,14677
1081,14681,14682,14683,14684,14685,14686,14687,14688,14689,14690,14691,14692,14693,14694,14695,14696,14697,14698,14699,14700,14701,14702,14703,14705,14706,14707,14709,14710,14711,14712,14713,14714,14716,14717,14718,14719,14720,14721,14722,14723,14724,14725,14726,14727,14728,14729,14730,14731,14732,14733,14734,14735,14736,14737,14738,14739,14740,14741,14742
1082,14743,14744,14745,14746,14747,14748,14749,14750,14751,14752,14753,14754,14755,14756
1083,14757,14761,14762,14763,14764,14765,14766,14767,14769,14770,14771,14772
1084,14773
1085,14774
1086,14775,14776,14778
1087,14779,14791,14793
1088,14802,14803,14804,14810,14811,14814,14818,14821,14822,14823
1089,14825,14831,14845,14851,14865,14869,14875
1090,14887,14889,14897,14899
1091,14901,14902,14903,14904,14907,14908,14909,14910,14913,14914,14916
1092,14917
1093,14918
1094,14919,14920,14921
1095,14923,14926,14928,14931,14932,14933,14937,14938,14940,14941,14942,14943
1096,14946,14950
1097,14969,14974,14975,14979,14982,14983,14985,14988,14989,14990,14991,14992,14993,14995,14997,15002,15004,15005,15008,15010,15011,15012,15013,15015,15019,15020,15025,15027,15028,15030
1098,15031,15032,15033,15035,15036,15037,15038,15040,15041,15042,15043,15044
1099,15045,15046,15048,15049,15050,15051,15052,15054,15055,15058,15059
1100,15061
1101,15062
1102,15063,15066
1103,15067,15068,15073,15077,15089
1104,15090,15091,15092,15093,15094,15095,15096,15097,15098,15099,15100,15101,15102,15103,15107,15108,15109,15110,15111,15112
1105,15113,15120,15127,15131,15134,15141,15152,15166,15171
1106,15175,15178,15179,15180,15181,15182,15183,15188
1107,15189,15191,15193,15194,15195,15196,15197,15198,15200,15201,15202,15203,15204
1108,15205
1109,15206
1110,15207
1111,15211,15212,15213,15214,15215,15216,15217,15218,15219,15221,15223,15226,15227,15228,15229,15230,15231,15232,15233
1112,15234,15236,15239,15240,15242,15248
1113,15257,15260,15262,15265,15270,15272,15274,15275,15277,15279,15284,15285,15289,15294,15304,15307,15309,15311,15316,15318
1114,15319,15323,15329,15330
1115,15333,15335,15341
1116,15349
1117,15350
1118,15351,15353,15354
1119,15355,15356,15357,15358,15359,15360,15362,15363,15373,15374,15376,15377
1120,15378,15384,15386,15387,15389,15393,15397,15398,15400
1121,15401,15402,15404,15405,15408,15409,15412,15417,15419,15420,15426,15428,15429,15430,15434,15438,15440,15441,15444,15445,15451,15454,15455,15458,15459,15461
1122,15463,15464,15465,15466,15467,15468,15469,15470,15471,15472,15473,15474,15475
1123,15477,15478,15479,15482,15483,15484,15485,15486,15487,15488,15489,15490,15491,15492
1124,15493
1125,15494
1126,15495,15496,15498
1127,15499,15500,15501,15503,15505,15506,15508,15509,15510,15517,15519,15521
1128,15522,15523,15524,15525,15526,15527,15528,15529,15530,15531,15532,15533,15534,15535,15536,15537,15538,15540,15541,15542,15543
1129,15545,15548,15571,15586,15592,15602,15605
1130,15607,15608,15611,15612,15614,15616,15618,15619,15620
1131,15621,15623,15624,15627,15628,15629,15630,15632,15633,15635,15636
1132,15637
1133,15638
1134,15639,15640,15642
1135,15643,15644,15646,15647,15649,15651,15652,15654,15655,15658,15659,15660,15665
1136,15666,15667,15668,15669,15670,15671,15673,15674,15676,15677,15678,15679,15681,15682,15683,15685,15687,15688
1137,15689,15690,15691,15693,15696,15697,15699,15702,15704,15705,15708,15710,15712,15713,15715,15717,15721,15722,15723,15724,15725,15727,15728,15729,15732,15733,15734,15735,15736,15737,15739,15741,15742,15743,15745,15748,15749,15750
1138,15751,15753,15756,15757,15758,15760,15762,15763,15764
1139,15765,15766,15767,15768,15769,15770,15771,15773,15774,15775,15776,15777,15778,15779,15780
1140,15781
1141,15782
1142,15783,15786
1143,15787,15789,15790,15793,15795,15796,15797,15799,15806,15808,15809
1144,15810,15811,15812,15814,15815,15816,15817,15820,15823,15825,15826,15827,15829,15830
1145,15833,15839,15840,15851,15862,15866,15867,15872,15884,15886,15893
1146,15895,15896,15897,15898,15899,15900,15902,15904,15905,15906,15907,15908
1147,15909,15910,15918,15919,15923
1148,15925
1149,15926
1150,15927,15930
1151,15931,15932,15933,15934,15937,15938,15939,15940,15941,15942,15943,15945,15946,15949,15951,15952,15953
1152,15954,15955,15957,15958,15959,15960,15961,15962,15964,15965,15966,15968,15969,15970,15971,15972,15973,15976
1153,15977,15978,15980,15982,15983,15984,15986,15990,15991,15992,15993,15994,15996,15997,15998,15999,16002,16004,16005,16007,16008,16009,16010,16011,16013,16016,16017,16018,16020,16021,16022,16023,16025,16026,16027,16028,16029,16031,16033,16034,16035,16037,16038
1154,16039,16040,16042,16043,16044,16045,16046,16047,16048,16049,16050,16051
1155,16053,16054,16055,16057,16058,16059,16063,16064,16066,16067
1156,16069
1157,16070
1158,16071,16072,16073,16074
1159,16075,16076,16081,16082,16083,16086,16087,16088,16089,16091,16092,16094,16097
1160,16098,16104
1161,16121,16122,16124,16125,16129,16136,16137,16138,16139,16141,16143,16148,16149,16153,16155,16159,16160,16162,16169,16171,16174,16177
1162,16183,16184,16188,16189,16190,16191,16194,16195,16196
1163,16197,16198,16202,16208,16209
1164,16213
1165,16214
1166,16215,16216,16217,16218
1167,16219,16221,16223,16224,16225,16226,16227,16228,16229,16230,16232,16234,16236,16237,16238,16239,16241
1168,16242,16243,16244,16247,16248,16249,16250,16251,16252,16253,16255,16257,16258,16259,16260,16261,16262,16263,16264
1169,16265,16268,16271,16273,16274,16289,16295,16300,16301,16304,16310
1170,16327,16328,16329,16330,16331,16332,16333,16334,16335,16336,16337,16338,16339,16340
1171,16341,16347,16349,16352,16353
1172,16357
1173,16358
1174,16359,16360,16361,16362
1175,16363,16364,16367,16368,16373,16374,16375,16376,16378,16379,16382,16383,16384
1176,16386,16387,16388,16389,16391,16392,16395,16396,16397,16398,16399,16400,16402,16403,16404,16405,16406,16408
1177,16409,16423,16441,16444,16445,16462
1178,16471,16472,16474,16475,16478,16479,16480,16481,16482
1179,16485,16487,16488,16489,16491,16492,16493,16495,16497,16498,16499,16500
1180,16501
1181,16502
1182,16503,16504,16505
1183,16507,16508,16522,16524,16525,16528
1184,16530,16531,16534,16535,16536,16538,16539,16540,16541,16542,16543,16544,16545,16546,16547,16550
1185,16553,16554,16555,16556,16557,16558,16559,16560,16561,16562,16563,16564,16565,16566,16567,16568,16569,16573,16575,16577,16579,16580,16582,16583,16584,16585,16586,16587,16590,16591,16593,16594,16595,16596,16597,16598,16599,16600,16601,16603,16604,16605,16606,16607,16608,16609,16610,16611,16612,16614
1186,16615,16616,16617,16619,16620,16623,16624,16625,16626,16627,16628
1187,16629,16632,16636,16637,16638,16639,16640,16642
1188,16645
1189,16646
1190,16647,16648,16649,16650
1191,16651,16655,16667
1192,16674,16675,16676,16677,16679,16680,16681,16682,16683,16685,16688,16690,16691,16694,16695
1193,16697,16701,16702,16703,16704,16706,16707,16708,16712,16713,16714,16719,16720,16722,16723,16724,16725,16726,16728,16729,16731,16733,16739,16740,16746,16747,16748,16750,16751,16754
1194,16759,16763,16765,16766,16767,16768,16769,16771
1195,16773,16775,16779,16780,16782,16784
1196,16789
1197,16790
1198,16791,16793
1199,16795,16796,16798,16799,16800,16802,16804,16807,16808,16809,16810,16813,16815,16816,16817
1200,16818,16820,16821,16822,16823,16825,16826,16829,16830,16831,16832,16833,16835,16838,16840
1201,16841,16842,16843,16845,16846,16847,16848,16849,16851,16852,16853,16856,16857,16858,16859,16860,16861,16862,16864,16865,16866,16867,16868,16869,16870,16871,16872,16873,16874,16875,16876,16878,16879,16881,16883,16884,16885,16886,16887,16888,16890,16891,16892,16893,16895,16897,16898,16899,16900,16901,16902
1202,16903,16904,16905,16906,16907,16908,16909,16910,16911,16912,16913,16914,16915,16916
1203,16917,16918,16919,16920,16922,16924,16925,16926,16927,16928,16929,16931,16932
1204,16933
1205,16934
1206,16935,16936,16937,16938
1207,16939,16940,16941,16942,16943,16944,16945,16946,16947,16948,16949,16950,16951,16952,16953,16954,16955,16957,16959,16960,16961
1208,16962,16963,16964,16965,16966,16967,16968,16969,16970,16971,16972,16973,16976,16977,16978,16979,16980,16981,16982,16983,16984
1209,16985,16990,16991,16993,16994,16995,16997,16998,17003,17004,17005,17006,17009,17011,17016,17022,17025,17026,17028,17030,17031,17032
1210,17047,17053,17059
1211,17061,17062,17063,17065,17066,17067,17069,17070,17071,17072,17076
1212,17077
1213,17078
1214,17079,17080
1215,17083,17085,17088,17098,17100
1216,17106,17107,17112,17114,17121,17123
1217,17129,17131,17132,17133,17134,17136,17137,17138,17140,17146,17147,17148,17149,17152,17154,17157,17161,17162,17163,17167,17174,17178,17179,17180,17182,17185,17188
1218,17191,17193,17195,17196,17197,17200,17203
1219,17205,17207,17212,17214,17217
1220,17221
1221,17222
1222,17223,17224,17226
1223,17227,17228,17229,17231,17234,17235,17237,17238,17239,17240,17241,17242,17244,17245,17246,17247,17248,17249
1224,17250,17251,17252,17254,17255,17256,17257,17258,17259,17261,17262,17264,17266,17267,17268,17270,17271
1225,17273,17278,17279,17281,17287,17291,17298,17307,17308,17310,17311,17312,17314,17318,17321,17325,17328,17330,17331,17332,17334
1226,17335,17336,17337,17338,17339,17340,17341,17342,17343,17344,17347
1227,17349,17351,17352,17354,17358,17359,17360,17361,17362,17363
1228,17365
1229,17366
1230,17367,17368,17369,17370
1231,17371,17372,17377,17379,17387
1232,17394,17401,17402,17409,17416
1233,17417,17424,17431,17449,17464
1234,17479,17480,17481,17482,17483,17484,17485,17486,17487,17488,17490,17491,17492
1235,17493,17494,17495,17496,17497,17498,17499,17500,17501,17502,17503,17504,17505,17506,17507,17508
1236,17509
1237,17510
1238,17511,17512,17514
1239,17515,17516,17518,17519,17520,17521,17522,17523,17524,17527,17530,17532,17533,17534,17535,17536,17537
1240,17538,17539,17542,17543,17544,17545,17546,17549,17550,17551,17552,17553,17554,17555,17556,17558
1241,17561,17562,17563,17564,17565,17566,17567,17568,17569,17570,17571,17572,17573,17574,17575,17576,17577,17578,17579,17580,17581,17582,17583,17584,17585,17586,17587,17588,17589,17590,17591,17592,17593,17594,17595,17596,17597,17598,17599,17600,17601,17602,17603,17604,17605,17606,17607,17608,17609,17610,17611,17612,17613,17614,17615,17616,17617,17618,17619,17620,17621,17622
1242,17623,17630,17633,17635
1243,17637,17638,17641,17642,17643,17644,17645,17646,17648,17649,17651,17652
1244,17653
1245,17654
1246,17655,17657,17658
1247,17659,17660,17661,17662,17663,17664,17665,17666,17667,17668,17669,17670,17671,17672,17673,17674,17675,17676,17677,17678,17679,17680,17681
1248,17682,17686,17688,17689,17690,17691,17693,17694,17695,17696,17698,17699,17700
1249,17705,17711,17714,17716,17717,17724,17729,17730,17736,17738,17744,17746,17751,17753,17757,17758,17761
1250,17767,17772,17773
1251,17781,17782,17783,17786,17787,17788,17789,17790,17791,17792,17794,17795,17796
1252,17797
1253,17798
1254,17799,17802
1255,17803,17804,17805,17806,17807,17808,17809,17810,17811,17812,17813,17814,17815,17816,17817,17818,17819,17822,17823,17824,17825
1256,17826,17827,17828,17830,17831,17832,17833,17834,17835,17836,17837,17838,17840,17841,17842,17843,17844,17845,17846,17847,17848
1257,17849,17850,17851,17852,17853,17856,17857,17860,17862,17864,17866,17869,17872,17877,17879,17883,17885,17889,17890,17891,17892,17900,17903,17904,17905,17907,17908,17909,17910
1258,17911,17912,17913,17914,17916,17917,17920,17922,17923
1259,17925,17931,17933,17937
1260,17941
1261,17942
1262,17943,17944,17945
1263,17947,17953,17959
1264,17970,17979,17981,17984,17985,17986,17989,17992
1265,17993,17995,17996,17997,17999,18000,18002,18003,18004,18005,18007,18008,18010,18011,18012,18013,18014,18015,18016,18017,18018,18019,18020,18021,18022,18023,18024,18026,18028,18029,18030,18031,18032,18033,18034,18035,18037,18038,18039,18040,18041,18042,18043,18044,18045,18046,18048,18050,18051,18052,18054
1266,18055,18056,18057,18058,18059,18060,18061,18062,18064,18065,18066,18067,18068
1267,18069,18070,18071,18072,18073,18074,18075,18076,18077,18078,18079,18080,18081,18082,18084
1268,18085
1269,18086
1270,18087,18090
1271,18091,18094,18098,18101,18104,18105
1272,18114,18127
1273,18137,18138,18139,18140,18141,18142,18143,18144,18145,18146,18147,18148,18149,18150,18151,18152,18153,18155,18156,18157,18158,18159,18160,18161,18162,18163,18164,18165,18166,18167,18168,18169,18170,18171,18172,18173,18174,18176,18177,18178,18179,18180,18181,18182,18183,18184,18185,18186,18187,18188,18189,18191,18192,18193,18194,18195,18196,18197,18198
1274,18199,18200,18202,18203,18207,18208,18209,18212
1275,18213,18214,18215,18216,18218,18219,18220,18221,18222,18223,18225,18226,18227,18228
