256,1
257,2
258,3,6
259,7
260,8
261,9
262,10,11,12,13
263,14,23
264,24,26,29,32
265,34,44,62,63
266,71,73,74
267,75,78,79,80
268,85
269,86
270,87,88,89,90
271,91,93,94,95,96,97,98,99,100,101,102,103,104,105,106,107,109,110,113
272,114,115,116,117,118,119,120,121,124,125,126,127,128,129,130,131,133,134,135
273,137,146,151,181,196
274,199,200,201,202,203,204,206,207,208,209,210,211,212
275,213,214,215,216,217,218,219,220,221,222,223,224,225,226,227,228
276,229
277,230
278,231,233
279,235,254,256
280,258,267,271,276
281,281,282,285,288,291,293,294,300,302,303,304,306,309,310,315,318,319,320,323,324,325,326,329,331,332,334,336,339,342
282,343,346
283,357,358,359,360,361,363,364,365,366,367,368,369,371,372
284,373
285,374
286,375,376
287,379,380,383,384,390,399
288,402,403,404,405,406,407,408,409,410,412,413,414,416,417,418,419,420,421,422,423,424
289,425,427,435,437,441,443,447,452,460,479,484
290,487,488,489,490,491,492,493,494,495,496,498,499,500
291,501,502,503,506,507,510,512,513,515
292,517
293,518
294,519,520,521
295,523,527,531,543
296,546,547,548,550,551,552,553,554,555,556,557,558,559,562,563,564,566,568
297,569,570,579,580,581,582,585,589,592,593,594,596,601,603,604,608,610,612,613,614,617,618,620,622,623,624,625,626
298,631,633,639,641,643,644
299,645,646,648,651,653,658,660
300,661
301,662
302,663,664,665
303,667,669,670,672,674,675,681,688,689
304,690,698,700,702,703,706,707,711
305,713,719,721,730,733,741,744,748,752,753,774
306,775,777,779,780,781,784,786,787,788
307,789,790,792,793,794,795,796,798,799,800,801,802,803,804
308,805
309,806
310,807,809
311,811,817,820,821,829,832
312,834,835,836,837,839,840,841,842,845,846,850,851,852,853,855,856
313,857,859,861,862,863,865,867,871,876,877,878,882,883,884,892,896,897,902,903,904,905,906,908,910,912,914,915,916,918
314,919,922,924,926,928,929,931,932
315,933,937,941,943,945,946
316,949
317,950
318,951
319,955,958,960,965,967,973,974,975,976
320,978,979,981,982,984,986,990,993,995,996,998,1000
321,1001,1002,1003,1004,1005,1007,1008,1010,1011,1012,1013,1014,1015,1016,1017,1018,1019,1020,1021,1022,1023,1024,1025,1026,1028,1029,1030,1031,1032,1033,1034,1035,1036,1037,1038,1039,1040,1041,1042,1043,1044,1045,1046,1047,1048,1049,1050,1051,1052,1053,1054,1055,1056,1057,1058,1059,1060,1061,1062
322,1063,1064,1068,1071,1072,1076
323,1077,1080,1082,1085,1089,1090,1092
324,1093
325,1094
326,1095,1096,1097,1098
327,1099,1101,1108,1111,1112,1114,1116,1118,1119,1120
328,1122,1125,1139
329,1145,1146,1147,1148,1149,1150,1151,1152,1153,1154,1156,1157,1158,1159,1160,1161,1162,1163,1164,1165,1166,1167,1168,1169,1170,1171,1172,1173,1174,1176,1177,1178,1179,1180,1181,1183,1184,1185,1186,1187,1188,1190,1191,1192,1193,1194,1195,1196,1197,1198,1199,1200,1201,1202,1203,1204,1205,1206
330,1207,1210,1213,1214,1215,1218,1219,1220
331,1221,1223,1225,1226,1230,1235,1236
332,1237
333,1238
334,1239,1240,1241
335,1243,1247,1248,1253,1261,1263,1265
336,1266,1267,1268,1269,1270,1271,1272,1273,1274,1276,1277,1278,1279,1280,1281,1282,1284,1285,1287,1288
337,1289,1291,1292,1293,1294,1296,1298,1299,1300,1301,1302,1304,1305,1306,1307,1308,1309,1311,1312,1313,1314,1316,1317,1318,1319,1320,1321,1322,1323,1325,1326,1327,1328,1331,1332,1333,1334,1335,1336,1337,1338,1341,1342,1343,1344,1349,1350
338,1351,1357
339,1365,1366,1369,1373,1376,1377,1378,1379,1380
340,1381
341,1382
342,1383,1384,1385,1386
343,1387,1388,1391,1397,1400,1401,1403,1406,1407,1408
344,1410,1416,1422,1423
345,1433,1434,1435,1436,1437,1438,1439,1441,1442,1443,1444,1445,1446,1447,1449,1453,1454,1455,1457,1458,1459,1460,1461,1463,1464,1465,1466,1467,1468,1469,1470,1473,1474,1476,1477,1478,1479,1482,1483,1484,1485,1486,1487,1488,1489,1490,1491,1494
346,1495,1496,1497,1498,1499,1500,1501,1502,1503,1504,1505,1506,1507,1508
347,1509,1510,1511,1512,1513,1517,1523
348,1525
349,1526
350,1527,1528,1529,1530
351,1531,1532,1536,1546,1549,1550,1553
352,1554,1563,1572
353,1577,1581,1582,1585,1586,1587,1588,1591,1592,1593,1594,1596,1599,1600,1601,1602,1603,1604,1606,1609,1610,1611,1612,1615,1617,1618,1619,1624,1625,1628,1631,1632,1633,1634
354,1639,1641,1642,1643,1645,1648,1649,1650
355,1653,1658,1660,1664,1665,1666
356,1669
357,1670
358,1671,1672,1674
359,1675,1682,1684,1686,1689,1691,1694,1696
360,1698,1700,1704,1706,1709,1711,1712,1715,1717,1719
361,1721,1722,1723,1725,1730,1731,1732,1737,1739,1740,1741,1742,1743,1745,1751,1752,1753,1754,1759,1760,1762,1763,1765,1767,1768,1771,1774,1776,1780
362,1783,1784,1785,1787,1790,1792,1794,1795,1796
363,1797,1799
364,1813
365,1814
366,1815
367,1819,1826,1828,1830
368,1842,1851,1852,1853,1863
369,1865,1866,1867,1868,1869,1870,1871,1872,1873,1874,1875,1877,1878,1879,1880,1881,1882,1883,1884,1885,1886,1887,1889,1890,1891,1892,1894,1895,1896,1897,1901,1903,1904,1905,1906,1907,1908,1909,1910,1911,1914,1916,1917,1918,1920,1921,1922,1923,1924,1926
370,1927,1928,1934,1936
371,1941,1942,1943,1949,1950,1952,1956
372,1957
373,1958
374,1959,1960,1961
375,1963,1964,1966,1967,1969,1971,1972,1975,1979,1980,1981
376,1986,1999,2005
377,2009,2011,2015,2018,2020,2022,2027,2028,2034,2037,2038,2039,2043,2045,2050,2051,2056,2057,2062,2069
378,2071,2075,2078,2079,2080,2083
379,2085,2086,2089,2090,2091,2092,2093,2095,2096,2097,2098,2099
380,2101
381,2102
382,2103,2106
383,2107,2111,2112,2114,2116,2117,2119,2120,2123,2126,2127,2128
384,2130,2142,2144,2145,2149,2152
385,2153,2155
386,2215,2217,2224,2226
387,2229,2230,2232,2233,2234,2235,2236,2237,2238,2239,2240,2241,2244
388,2245
389,2246
390,2247
391,2251,2252,2254,2255,2258,2260,2261,2263,2266,2267,2268,2269,2270,2272,2273
392,2274,2275,2276,2278,2284,2285,2286,2287,2288,2289,2290,2291,2292,2293,2295
393,2297,2299,2300,2301,2304,2305,2306,2307,2308,2309,2310,2311,2312,2313,2314,2316,2317,2321,2323,2324,2325,2326,2327,2330,2331,2338,2342,2343,2344,2345,2347,2349,2350,2351,2352,2353,2354,2355,2356
394,2359,2360,2361,2362,2363,2364,2365,2366,2367,2368,2369,2370,2371,2372
395,2373,2374,2375,2377,2378,2379,2382,2383,2384,2385,2386,2387,2388
396,2389
397,2390
398,2391,2392,2393,2394
399,2395,2396,2397,2398,2399,2400,2402,2403,2404,2405,2406,2407,2408,2409,2411,2412,2414,2417
400,2418,2419,2421,2422,2424,2426,2427,2436
401,2441,2442,2443,2447,2448,2449,2450,2451,2452,2453,2455,2456,2457,2458,2459,2461,2462,2463,2465,2467,2468,2469,2470,2471,2472,2473,2475,2476,2478,2480,2481,2483,2484,2485,2486,2487,2489,2490,2491,2492,2493,2495,2497,2498,2499,2500,2501,2502
402,2503,2504,2505,2506,2507,2508,2509,2510,2511,2512,2513,2514,2515,2516
403,2517,2518,2522,2523,2524,2525,2526,2527,2528,2529,2530,2531,2532
404,2533
405,2534
406,2535,2536,2537,2538
407,2539,2542,2545,2547,2549,2550,2552,2553,2555,2556,2561
408,2562,2567,2570,2572,2574,2576,2580,2581,2582
409,2585,2586,2587,2588,2589,2592,2593,2594,2596,2597,2599,2600,2602,2603,2608,2611,2613,2616,2619,2621,2622,2623,2625,2626,2627,2628,2631,2633,2634,2638,2639,2640,2645
410,2647,2648,2649,2650,2653,2654,2658
411,2661,2675
412,2677
413,2678
414,2679
415,2683,2684,2685,2686,2688,2689,2691,2693,2694,2695,2696,2697,2699,2700,2701,2705
416,2706,2707,2709,2710,2711,2715,2717,2718,2719,2720,2721,2722,2723,2724,2725,2726,2727
417,2729,2730,2731,2732,2733,2734,2735,2736,2737,2738,2739,2740,2742,2743,2744,2745,2746,2748,2750,2751,2752,2753,2754,2756,2757,2758,2759,2761,2762,2763,2764,2765,2766,2767,2768,2769,2770,2771,2772,2773,2774,2775,2776,2777,2778,2779,2780,2781,2782,2783,2784,2785,2786,2787,2789,2790
418,2791,2794,2798,2800
419,2805,2811
420,2821
421,2822
422,2823,2824,2825,2826
423,2827,2829,2840,2849
424,2850,2851,2854,2856,2862,2867,2868,2872
425,2873,2874,2909,2924
426,2935,2938
427,2949,2950,2951,2952,2953,2954,2955,2956,2957,2958,2959,2960,2961,2962,2963,2964
428,2965
429,2966
430,2967,2968,2969,2970
431,2971,2990
432,2994,2995,2996,2997,3000,3004,3005,3007,3008,3009,3012,3013,3014,3015
433,3017,3018,3021,3022,3025,3026,3027,3028,3030,3031,3033,3034,3035,3036,3037,3038,3040,3046,3047,3048,3049,3050,3051,3052,3053,3057,3058,3059,3060,3061,3062,3063,3067,3068,3069,3070,3071,3072,3073,3074,3075,3076,3077,3078
434,3079,3082,3083,3089,3090,3091
435,3093,3095,3096,3099,3101,3103,3106,3107
436,3109
437,3110
438,3111,3112,3113
439,3115,3119,3120,3123,3124,3125,3127,3128,3131,3132,3134,3135
440,3138,3140,3143,3147,3149,3150,3151,3152,3153,3154,3155,3156,3158,3159,3160
441,3161,3168,3177,3196,3200,3205,3209,3210,3217
442,3223,3224,3225,3226,3227,3228,3229,3230,3231,3232,3233,3234,3235,3236
443,3237,3243,3245,3246,3248,3252
444,3253
445,3254
446,3255,3256,3257,3258
447,3259,3277
448,3282,3283,3284,3285,3286,3288,3289,3291,3292,3293,3294,3295,3297,3298,3299,3300,3302,3303,3304
449,3305,3308,3309,3311,3313,3319,3320,3323,3324,3327,3329,3335,3341,3350,3352,3354,3357,3359,3363,3364,3365
450,3367,3368,3371,3375,3376,3378
451,3381,3382,3384,3385,3387,3389,3390,3392,3395,3396
452,3397
453,3398
454,3399
455,3403,3404,3406,3407,3409,3410,3412,3415,3416,3418,3423,3425
456,3426,3428,3429,3431,3433,3434,3436,3438,3439,3440,3441,3442,3443,3444,3445,3446,3448
457,3449,3451,3452,3454,3458,3460,3464,3465,3466,3468,3469,3470,3472,3476,3477,3478,3479,3480,3483,3484,3486,3490,3492,3493,3495,3498,3499,3501,3504,3505,3507,3509,3510
458,3511,3512,3517,3518,3524
459,3525,3526,3527,3528,3529,3530,3531,3534,3535,3536,3537,3538,3539,3540
460,3541
461,3542
462,3543,3545
463,3547,3551,3554,3555,3558,3562,3563,3566
464,3570,3576,3581,3582,3590,3591
465,3593,3598,3600,3601,3607,3611,3614,3618,3619,3626,3627,3628,3630,3633,3634,3636,3639,3642,3645,3648,3650,3653
466,3655,3658,3661,3664,3665,3668
467,3669,3670,3671,3672,3673,3674,3675,3676,3677,3678,3680,3681,3682,3684
468,3685
469,3686
470,3687,3688
471,3691,3692,3693,3694,3695,3696,3698,3699,3700,3701,3702,3703,3705,3707,3708,3709,3711,3713
472,3714,3722,3723,3724,3726,3729
473,3737,3738,3739,3740,3741,3742,3743,3744,3745,3747,3748,3749,3750,3751,3752,3753,3755,3756,3757,3760,3761,3762,3763,3764,3766,3767,3768,3769,3770,3771,3772,3773,3774,3775,3776,3777,3778,3779,3781,3783,3784,3785,3786,3787,3788,3789,3790,3791,3792,3793,3794,3795,3796,3797,3798
474,3799,3801,3808,3810
475,3813,3816,3817,3818,3819,3820,3821,3822,3823,3825,3826,3827,3828
476,3829
477,3830
478,3831,3832,3833,3834
479,3835,3836,3837,3838,3839,3840,3841,3842,3843,3844,3845,3846,3847,3848,3849,3850,3851,3852,3853,3854,3855,3856,3857
480,3858,3859,3861,3863,3866,3869,3871,3874,3877,3878,3879,3880
481,3881,3882,3884,3885,3888,3889,3890,3891,3892,3895,3896,3897,3898,3899,3901,3903,3904,3905,3906,3907,3910,3911,3912,3914,3917,3918,3919,3920,3921,3922,3923,3924,3926,3927,3929,3930,3931,3932,3933,3934,3936,3937,3938,3939,3940,3941,3942
482,3943,3944,3946,3947,3948,3949,3951,3952,3953,3954,3955
483,3957,3958,3959,3960,3961,3962,3964,3965,3966,3967,3970,3971,3972
484,3973
485,3974
486,3975
487,3979,3981,3994,4001
488,4002,4003,4006,4007,4011,4015,4016
489,4025,4026,4027,4028,4029,4031,4033,4034,4035,4036,4037,4039,4040,4041,4042,4043,4044,4046,4047,4048,4049,4050,4051,4052,4053,4054,4055,4056,4057,4059,4060,4062,4063,4064,4065,4066,4067,4068,4069,4070,4071,4072,4073,4074,4075,4078,4079,4080,4082,4084,4085,4086
490,4087,4091,4092,4097,4099,4100
491,4101,4102,4103,4104,4107,4108,4110,4111,4112,4114,4115
492,4117
493,4118
494,4119,4120,4121,4122
495,4123,4124,4130,4132,4133,4136,4138,4139,4140,4142,4145
496,4146,4149,4155,4158,4168
497,4169,4171,4173,4178,4182,4184,4186,4187,4201,4204,4214,4225
498,4231,4232,4233,4234,4235,4236,4237,4238,4239,4241,4242,4243,4244
499,4245,4247,4248,4249,4250,4251,4252,4253,4254,4255,4256,4257,4258,4259,4260
500,4261
501,4262
502,4263,4266
503,4267,4268,4269,4270,4271,4272,4273,4274,4275,4276,4277,4278,4279,4280,4281,4282,4284,4285,4286,4287,4288,4289
504,4290,4291,4292,4293,4294,4295,4296,4297,4298,4299,4300,4301,4302,4303,4304,4305,4306,4307,4308,4309,4310,4311,4312
505,4313,4319,4320,4324,4348,4370
506,4375,4376,4377,4378,4379,4380,4381,4382,4383,4384,4385,4386,4387,4388
507,4389,4392,4394,4397,4398,4399,4400,4401,4402,4403
508,4405
509,4406
510,4407,4410
511,4411,4412,4415,4416,4418,4420,4421,4422,4424,4426,4428,4430,4431,4432,4433
512,4434,4435,4436,4437,4438,4439,4440,4441,4442,4443,4444,4445,4447,4448,4449,4450,4451,4452,4453,4454,4455,4456
513,4457,4458,4460,4461,4463,4464,4465,4468,4469,4472,4474,4475,4476,4477,4478,4479,4480,4481,4483,4486,4489,4491,4492,4494,4495,4497,4498,4499,4500,4502,4503,4504,4505,4506,4507,4512,4513,4515,4516,4518
514,4519,4522,4528,4531
515,4533,4534,4535,4536,4537,4538,4539,4540,4541,4543,4544,4545,4546,4547,4548
516,4549
517,4550
518,4551,4552,4553,4554
519,4555,4561,4563,4565
520,4578,4579,4585,4589,4592,4593,4596,4597,4599,4600
521,4601,4602,4603,4605,4606,4607,4608,4609,4610,4611,4612,4613,4616,4617,4618,4619,4620,4621,4622,4623,4625,4627,4628,4629,4630,4631,4632,4635,4636,4637,4638,4639,4640,4641,4642,4643,4645,4646,4648,4649,4650,4651,4654,4655,4656,4657,4658,4659,4660,4661,4662
522,4663,4664,4665,4667,4668,4669,4670,4671,4672,4673,4674,4675,4676
523,4677,4678,4679,4680,4681,4682,4683,4684,4685,4686,4687,4688,4689,4690,4691,4692
524,4693
525,4694
526,4695,4696,4697,4698
527,4699,4702,4704,4705,4706,4707,4708,4711,4715,4716,4720,4721
528,4722,4723,4724,4726,4728,4729,4730,4732,4733,4734,4735,4737,4739,4741,4742,4744
529,4745,4746,4751,4754,4755,4758,4775,4778,4782,4783,4791,4795,4800,4802,4804
530,4807,4810,4815
531,4821,4823,4824,4825,4826,4827,4828,4829,4830,4831,4832,4833,4834,4835,4836
532,4837
533,4838
534,4839,4840
535,4843,4853,4857
536,4866,4867,4868,4869,4870,4872,4873,4875,4876,4878,4879,4881,4883,4884,4885,4886,4887
537,4889,4892,4913,4915,4918,4929,4936
538,4951,4952,4953,4954,4955,4956,4959,4960,4961,4963,4964
539,4965,4966,4967,4968,4969,4970,4971,4972,4973,4974,4975,4976,4977,4978,4979,4980
540,4981
541,4982
542,4983,4984,4986
543,4987,4989,4991,4992,4995,4996,4997,4999,5001,5002,5003,5004,5005,5007,5009
544,5010,5011,5013,5014,5015,5017,5018,5019,5020,5021,5022,5023,5024,5025,5029,5030,5031,5032
545,5033,5035,5041,5042,5043,5046,5047,5048,5049,5058,5059,5061,5062,5063,5068,5070,5074,5081,5082,5086,5087,5088,5089,5091,5092,5093
546,5095,5096,5097,5098,5099,5100,5101,5102,5103,5104,5105,5106,5107,5108
547,5109,5110,5111,5112,5114,5116,5117,5121
548,5125
549,5126
550,5127,5129
551,5131,5132,5134,5135,5143,5144,5145,5146,5147,5148,5149,5150,5151
552,5154,5155,5157,5158,5159,5160,5163,5164,5165,5170,5173,5175,5176
553,5177,5178,5179,5180,5181,5182,5183,5184,5185,5186,5188,5189,5190,5191,5192,5193,5194,5195,5196,5197,5198,5199,5200,5201,5202,5204,5205,5206,5207,5208,5209,5210,5212,5213,5214,5215,5216,5218,5219,5220,5221,5222,5223,5224,5225,5226,5227,5228,5229,5230,5231,5232,5233,5234,5235,5236,5237,5238
554,5239,5240,5241,5243,5244,5246,5249,5250,5252
555,5253,5254,5255,5257,5258,5259,5260,5263,5264
556,5269
557,5270
558,5271,5272
559,5275,5276,5278,5281,5282,5283,5284,5286,5287,5289,5290,5291,5292,5293,5294,5296,5297
560,5298,5300,5302,5303,5305,5307,5309,5310,5313,5314,5317,5319
561,5321,5322,5324,5325,5326,5328,5329,5330,5331,5332,5333,5334,5335,5336,5337,5339,5340,5341,5342,5344,5345,5346,5347,5348,5349,5351,5352,5353,5354,5355,5356,5357,5358,5359,5360,5362,5363,5367,5368,5369,5370,5371,5373,5374,5375,5376,5377,5378,5379,5380,5382
562,5383,5384,5385,5386,5387,5389,5390,5391,5392,5393,5394,5395,5396
563,5397,5398,5399,5400,5401,5402,5403,5404,5405,5406,5407,5408,5409,5410,5411,5412
564,5413
565,5414
566,5415,5418
567,5419,5420,5421,5422,5423,5424,5425,5426,5427,5428,5429,5430,5431,5432,5433,5434,5435,5436,5437,5438,5439,5440,5441
568,5442,5444,5445,5447,5448,5451,5453,5456,5457,5458,5461,5463
569,5465,5467,5469,5470,5471,5475,5476,5478,5479,5481,5483,5484,5485,5487,5489,5490,5491,5492,5495,5496,5498,5499,5501,5503,5504,5505,5506,5508,5509,5511,5514,5515,5516,5517,5518,5519,5521,5523,5524,5525,5526
570,5527,5528,5529,5530,5532,5533,5534,5535,5536,5537,5538,5540
571,5541,5542,5543,5545,5546,5547,5548,5549,5550,5552,5555,5556
572,5557
573,5558
574,5559,5560
575,5563,5564,5565,5566,5567,5568,5569,5570,5571,5572,5573,5574,5575,5576,5577,5578,5579,5580,5581,5582,5583,5584,5585
576,5586,5587,5588,5589,5590,5591,5592,5593,5594,5595,5596,5597,5598,5599,5600,5601,5602,5603,5605,5606,5607,5608
577,5609,5611,5618,5635,5638,5644,5650,5657,5662,5663
578,5671,5675,5684
579,5685,5687,5688,5694,5697
580,5701
581,5702
582,5703,5704,5705,5706
583,5707,5708,5709,5710,5711,5712,5713,5714,5715,5716,5717,5718,5719,5720,5721,5722,5723,5724,5725,5727,5728,5729
584,5730,5737,5745,5746
585,5753,5768,5773,5786,5789,5797,5798,5800,5811,5813
586,5815,5816,5821
587,5829,5831,5832,5833,5834,5836,5837,5839,5840,5841,5843,5844
588,5845
589,5846
590,5847,5848,5849
591,5851,5852,5853,5854,5856,5859,5862,5863,5865,5866,5867,5868,5869,5871,5872,5873
592,5874,5875,5876,5877,5878,5880,5882,5883,5885,5886,5888,5889,5891,5892,5893,5894
593,5897,5905,5914,5916,5918,5919,5924,5928,5932,5945
594,5959,5963,5966,5967,5972
595,5973,5976,5978,5981,5984,5985
596,5989
597,5990
598,5991,5993,5994
599,5995,5997,5998,5999,6000,6001,6002,6003,6004,6005,6007,6008,6009,6010,6011,6012,6013,6014,6017
600,6018,6020,6021,6022,6023,6024,6025,6027,6028,6029,6030,6032,6033,6034,6035,6036,6037,6038,6039,6040
601,6041,6042,6044,6046,6047,6048,6051,6052,6058,6061,6062,6064,6068,6070,6071,6072,6073,6076,6077,6079,6080,6083,6086,6088,6089,6090,6091,6093,6096,6099,6100,6101
602,6103,6107,6108
603,6117,6119,6120,6123,6126,6127,6128,6131,6132
604,6133
605,6134
606,6135,6136,6138
607,6139,6157
608,6162,6167,6168,6169,6173,6178
609,6185,6196,6225,6230,6237,6244
610,6247,6248,6249,6250,6251,6252,6253,6254,6255,6256,6257,6258,6260
611,6261,6262,6267,6269,6273
612,6277
613,6278
614,6279,6280,6282
615,6283,6284,6285,6286,6288,6289,6290,6291,6292,6293,6294,6296,6297,6298,6299,6300,6301,6304
616,6306,6314,6322
617,6329,6330,6331,6332,6333,6334,6336,6337,6339,6342,6343,6344,6345,6346,6347,6348,6350,6351,6352,6353,6354,6356,6358,6359,6362,6363,6364,6366,6368,6369,6370,6372,6373,6374,6375,6376,6377,6378,6379,6381,6383,6384,6385,6386,6387,6389,6390
618,6391,6394,6395,6396,6397,6398,6401,6402,6403,6404
619,6405,6407,6414,6415,6416,6418
620,6421
621,6422
622,6423,6425
623,6427,6429,6444,6446
624,6450,6451,6452,6453,6454,6455,6456,6457,6458,6460,6461,6462,6464,6465,6466,6468,6469,6470,6471
625,6473,6474,6475,6476,6477,6478,6479,6480,6481,6482,6483,6484,6485,6486,6487,6488,6489,6490,6491,6492,6493,6494,6495,6496,6497,6498,6499,6500,6501,6502,6504,6505,6506,6507,6508,6509,6510,6511,6512,6513,6514,6515,6516,6517,6518,6519,6520,6521,6522,6523,6524,6525,6526,6527,6528,6529,6530,6531,6532,6533,6534
626,6535,6536,6537,6538,6540,6541,6543,6544,6545,6547,6548
627,6549,6553,6554,6557,6563
628,6565
629,6566
630,6567,6570
631,6571,6572,6574,6577,6578,6579,6582,6585,6587
632,6594,6596,6597,6598,6599,6600,6601,6602,6603,6604,6605,6606,6607,6608,6610,6611,6612,6614,6616
633,6617,6621,6623,6625,6626,6627,6628,6630,6632,6633,6634,6635,6639,6640,6642,6645,6648,6651,6654,6655,6657,6661,6662,6670,6673,6674,6675,6676,6677
634,6679,6680,6681,6682,6683,6684,6685,6686,6687,6688,6690,6691,6692
635,6693,6694,6695,6697,6698,6699,6701,6702,6703,6704,6705,6706,6707,6708
636,6709
637,6710
638,6711,6712,6713,6714
639,6715,6716,6717,6719,6720,6721,6722,6724,6725,6726,6727,6728,6729,6730,6731,6732,6733,6735,6736,6737
640,6738,6748,6759
641,6761,6762,6763,6764,6765,6767,6768,6769,6770,6771,6772,6773,6774,6775,6776,6778,6779,6780,6781,6782,6783,6785,6786,6787,6788,6789,6790,6791,6792,6793,6794,6795,6796,6797,6798,6799,6800,6801,6802,6804,6805,6806,6807,6809,6810,6811,6813,6814,6815,6816,6818,6820,6821,6822
642,6823,6825,6826,6829,6830,6831,6834,6835
643,6837,6840,6842,6850
644,6853
645,6854
646,6855,6856,6858
647,6859,6863,6866,6867,6869,6870,6873
648,6882,6883,6886,6888,6892,6893,6894,6895,6896,6898,6899,6902,6903
649,6905,6906,6907,6909,6910,6911,6912,6913,6914,6915,6917,6918,6919,6920,6921,6922,6923,6924,6925,6926,6927,6929,6930,6931,6932,6933,6934,6935,6936,6937,6939,6940,6941,6942,6943,6944,6945,6946,6947,6950,6951,6952,6953,6954,6955,6956,6957,6958,6959,6960,6961,6962,6963,6964,6965,6966
650,6967,6971,6974,6975,6978
651,6981,6986,6994
652,6997
653,6998
654,6999,7001
655,7003,7013
656,7026,7028,7029,7030,7031,7033,7036,7037,7038,7039,7041,7042,7043,7044,7045,7046,7047,7048
657,7049,7052,7053,7055,7056,7057,7059,7060,7061,7062,7063,7065,7067,7070,7071,7072,7073,7075,7076,7078,7081,7084,7088,7089,7090,7091,7094,7095,7098,7101,7102,7103,7105,7107,7108,7110
658,7111,7117,7118,7122
659,7125,7127,7132,7136
660,7141
661,7142
662,7143,7144,7145,7146
663,7147,7157,7159,7162
664,7170,7172,7174,7175,7176,7177,7179,7181,7186,7191,7192
665,7193,7194,7195,7196,7197,7198,7199,7200,7202,7203,7204,7205,7206,7208,7209,7210,7211,7212,7213,7214,7215,7216,7217,7218,7219,7220,7221,7222,7224,7226,7227,7228,7229,7231,7232,7234,7235,7236,7237,7238,7239,7241,7242,7243,7244,7245,7246,7247,7250,7251,7252,7253,7254
666,7255,7257,7258,7259,7260,7261,7262,7265,7266,7267
667,7269,7273,7276,7280,7281,7283,7284
668,7285
669,7286
670,7287,7290
671,7291,7296,7298,7304,7306,7307,7308,7309,7310,7312
672,7314,7317,7319,7321,7322,7324,7327,7331,7334,7336
673,7337,7338,7339,7340,7341,7342,7343,7344,7345,7346,7347,7348,7349,7351,7352,7353,7354,7355,7356,7357,7359,7360,7361,7362,7363,7364,7365,7366,7367,7368,7369,7370,7371,7372,7373,7374,7375,7376,7377,7379,7380,7381,7382,7383,7384,7385,7386,7387,7388,7389,7390,7391,7392,7393,7394,7395,7396,7397,7398
674,7399,7400,7402,7406
675,7413,7415,7417,7418,7419,7420,7421,7422,7424,7426,7427
676,7429
677,7430
678,7431,7432,7434
679,7435,7450
680,7458,7459,7460,7462,7463,7464,7465,7466,7467,7468,7469,7470,7471,7473,7474,7475,7477,7478,7479
681,7481,7484,7515,7536
682,7543,7544,7546,7548,7550,7551,7552,7553,7555
683,7557,7558,7560,7561,7563,7564,7565,7566,7569,7570,7571,7572
684,7573
685,7574
686,7575,7577,7578
687,7579,7580,7581,7594,7595
688,7602,7603,7604,7606,7608,7610,7612,7613,7614,7615,7617,7618,7619,7621,7622,7623,7624
689,7625,7626,7627,7628,7629,7630,7632,7635,7636,7637,7638,7639,7640,7641,7642,7643,7645,7646,7648,7649,7650,7651,7652,7653,7654,7655,7656,7657,7658,7659,7660,7661,7662,7663,7664,7665,7666,7667,7668,7669,7670,7671,7672,7673,7674,7675,7676,7677,7678,7679,7680,7681,7682,7683,7684,7685,7686
690,7687,7689,7692,7694,7698,7699
691,7701,7703,7704,7707,7710,7711,7712,7714,7715
692,7717
693,7718
694,7719,7720,7721,7722
695,7723,7724,7726,7727,7730,7731,7732,7733,7734,7735,7737,7738,7739,7740,7741,7744,7745
696,7746,7747,7751,7752,7756,7758,7760,7761,7762,7763,7765,7766,7767,7768
697,7769,7770,7771,7772,7773,7775,7780,7781,7782,7783,7784,7785,7786,7787,7788,7789,7790,7793,7794,7795,7797,7798,7800,7801,7802,7803,7806,7807,7808,7809,7811,7815,7816,7817,7818,7819,7820,7821,7822,7823,7824,7829,7830
698,7831,7843
699,7845,7848,7851,7854,7857,7858,7859
700,7861
701,7862
702,7863,7865,7866
703,7867,7877,7879
704,7890,7894,7900,7906,7908
705,7913,7914,7915,7916,7917,7918,7920,7921,7922,7923,7924,7925,7926,7927,7928,7929,7930,7931,7932,7933,7934,7935,7936,7937,7938,7939,7942,7943,7944,7945,7946,7948,7949,7950,7951,7953,7954,7955,7956,7958,7959,7960,7961,7962,7963,7964,7965,7967,7968,7969,7970,7971,7972,7973,7974
706,7975,7978,7980,7981,7984,7985,7986,7987
707,7989,7990,7993,7994,7997
708,8005
709,8006
710,8007,8008,8009,8010
711,8011,8012,8013,8016,8017,8019,8020,8021,8022,8023,8024,8025,8026,8027,8028,8029,8030,8031,8033
712,8034,8035,8036,8038,8039,8040,8042,8043,8045,8046,8047,8048,8050,8051,8052,8053,8055,8056
713,8057,8058,8059,8060,8061,8062,8063,8064,8065,8066,8067,8068,8069,8070,8071,8072,8073,8075,8076,8077,8078,8079,8080,8081,8082,8083,8084,8085,8086,8087,8088,8089,8090,8091,8092,8094,8095,8096,8098,8099,8100,8101,8102,8103,8104,8105,8106,8107,8108,8109,8110,8111,8112,8113,8114,8115,8116,8117,8118
714,8119,8120,8122,8123,8126,8127,8128,8130,8132
715,8133,8134,8135,8136,8137,8138,8140,8141,8142,8143,8144,8145,8146,8147,8148
716,8149
717,8150
718,8151,8152,8153,8154
719,8155,8158,8159,8163,8172,8174,8177
720,8178,8180,8181,8183,8188,8189,8190,8192,8193,8194,8196,8198
721,8201,8202,8205,8208,8210,8212,8215,8222,8225,8226,8227,8234,8236,8238,8239,8242,8244,8245,8247,8248,8249,8250,8252,8253,8255,8257,8258,8262
722,8263,8269
723,8277,8280,8284,8285,8289,8290
724,8293
725,8294
726,8295,8297
727,8299,8304,8305,8311,8314,8316,8317,8319,8320
728,8322,8323,8324,8325,8326,8327,8328,8331,8332,8334,8336,8337,8338,8339,8341,8342,8343,8344
729,8345,8346,8347,8348,8349,8352,8353,8354,8355,8356,8357,8358,8359,8360,8361,8362,8364,8365,8366,8367,8368,8369,8370,8371,8372,8373,8374,8375,8376,8377,8378,8380,8381,8382,8383,8384,8385,8387,8389,8390,8391,8392,8394,8395,8396,8397,8398,8399,8400,8401,8402,8403,8404,8405,8406
730,8407,8409,8416,8417
731,8421,8423,8424,8425,8426,8428,8429,8430,8431,8433,8434,8436
732,8437
733,8438
734,8439,8440
735,8443,8445,8447,8450,8457
736,8466,8467,8468,8470,8471,8472,8473,8476,8477,8478,8480,8488
737,8489,8490,8492,8495,8496,8497,8498,8499,8500,8501,8502,8503,8504,8505,8511,8512,8514,8515,8517,8518,8521,8523,8524,8526,8529,8532,8533,8535,8538,8539,8540,8541,8542,8543,8550
738,8551,8552,8553,8555,8557
739,8565,8569,8570,8573,8576,8578,8579,8580
740,8581
741,8582
742,8583,8584,8585,8586
743,8587,8588,8592,8593,8596,8597,8598,8599,8600,8601,8602,8603,8604,8605,8606,8607,8608,8609
744,8610,8611,8612,8613,8616,8618,8620,8621,8622,8623,8624,8625,8626,8629,8630,8631,8632
745,8633,8639,8641,8656,8662,8665,8666,8670,8672,8677,8682,8685,8686,8689,8692
746,8695,8702
747,8709,8712,8717,8718,8720,8722
748,8725
749,8726
750,8727,8730
751,8731,8733,8734,8735,8739,8744,8746,8749,8751
752,8754,8755,8756,8759,8760,8762,8763,8765,8766,8768,8769,8771,8773,8774,8776
753,8777,8778,8783,8784,8786,8787,8788,8790,8791,8792,8794,8796,8798,8799,8800,8801,8803,8805,8807,8808,8810,8811,8814,8815,8816,8818,8821,8824,8825,8826,8827,8830,8831,8833,8834,8835,8836,8837,8838
754,8839,8840,8845,8850
755,8853,8855,8859,8860,8861,8862,8868
756,8869
757,8870
758,8871
759,8875,8882,8889,8893
760,8898,8914,8917,8918,8919
761,8921,8922,8924,8925,8927,8928,8929,8930,8931,8933,8934,8935,8936,8937,8939,8940,8941,8942,8943,8944,8945,8946,8947,8948,8949,8951,8952,8953,8954,8955,8956,8957,8959,8960,8961,8962,8964,8965,8966,8967,8968,8970,8971,8972,8973,8974,8975,8976,8977,8978,8979,8980,8981,8982
762,8983,8985,8994,8995,8996
763,8997,8999,9001,9003,9007,9012
764,9013
765,9014
766,9015,9016,9017,9018
767,9019,9020,9021,9022,9023,9024,9025,9026,9027,9030,9031,9032,9033,9034,9035,9036,9038,9039,9040
768,9042,9043,9049,9058,9061,9063
769,9065,9066,9067,9068,9071,9072,9073,9074,9075,9077,9079,9080,9081,9082,9083,9085,9088,9089,9090,9091,9092,9093,9094,9095,9096,9097,9098,9100,9102,9103,9105,9106,9107,9108,9110,9111,9112,9113,9114,9115,9116,9117,9118,9119,9120,9121,9123,9124,9125,9126
770,9127,9128,9129,9131,9132,9133,9134,9135,9136,9137,9138,9139,9140
771,9141,9143,9147
772,9157
773,9158
774,9159
775,9163,9166,9167,9168,9170,9173,9177,9179,9180,9181,9184,9185
776,9186,9188,9190,9192,9198,9200,9204
777,9209,9210,9212,9215,9216,9217,9218,9219,9221,9223,9224,9227,9228,9231,9232,9233,9234,9236,9240,9241,9242,9244,9245,9246,9247,9250,9253,9255,9256,9257,9259,9260,9262,9263,9266,9267,9269,9270
778,9271,9272,9277,9278,9279,9280,9281,9282,9283
779,9285,9288,9293,9294,9298,9300
780,9301
781,9302
782,9303,9304
783,9307,9308,9309,9310,9311,9312,9313,9314,9315,9316,9317,9318,9319,9321,9322,9323,9324,9325,9326,9327
784,9330,9334,9338,9339,9341,9343,9348,9349
785,9353,9355,9375,9376,9383,9389,9392,9394,9395,9398,9401,9402,9406,9409,9410,9412
786,9415,9419
787,9429,9430,9431,9432,9433,9434,9436,9437,9438,9439,9440,9442,9443
788,9445
789,9446
790,9447,9448
791,9451,9452,9453,9455,9456,9461,9463,9464,9465,9466,9469,9470,9472,9473
792,9474,9478,9487,9492
793,9497,9498,9499,9500,9501,9502,9503,9505,9506,9508,9509,9510,9511,9512,9513,9514,9515,9516,9517,9518,9519,9520,9521,9522,9523,9524,9526,9527,9528,9529,9531,9532,9534,9537,9538,9539,9540,9541,9542,9543,9544,9545,9546,9548,9549,9550,9551,9552,9553,9554,9555,9558
794,9559,9564,9565,9569,9572
795,9573,9575,9577,9581,9582,9583,9584,9585,9586,9587,9588
796,9589
797,9590
798,9591,9592,9593
799,9595,9596,9597,9598,9599,9600,9601,9602,9603,9604,9605,9607,9608,9609,9610,9611,9612,9614,9615,9616,9617
800,9618,9619,9620,9621,9622,9623,9624,9625,9626,9627,9628,9631,9632,9633,9634,9635,9636,9638,9639
801,9641,9643,9644,9646,9654,9655,9656,9660,9661,9664,9665,9666,9667,9668,9669,9673,9674,9675,9677,9678,9682,9685,9688,9691,9692,9693,9694,9696,9698,9702
802,9703,9706,9707,9711,9715
803,9717,9723,9725
804,9733
805,9734
806,9735,9736
807,9739,9740,9744,9745,9750,9751,9753,9754,9755,9756,9758,9760
808,9762,9764,9767,9772,9774,9775,9777,9778,9779
809,9785,9787,9790,9791,9794,9795,9798,9802,9803,9805,9806,9807,9808,9809,9811,9814,9817,9822,9825,9826,9828,9829,9830,9831,9832,9833,9836,9839,9841,9843,9845
810,9847,9848,9849,9850,9851,9852,9853,9854,9855,9856,9858,9860
811,9861,9862,9863,9865,9866,9867,9869,9871,9873,9876
812,9877
813,9878
814,9879
815,9883,9886,9887,9888,9889,9890,9892,9895,9897,9898,9899,9900,9901,9902,9904,9905
816,9906,9907,9908,9909,9910,9911,9912,9913,9914,9915,9918,9919,9921,9922,9923,9924,9925,9926,9927,9928
817,9929,9930,9938,9940,9942,9944,9951,9959,9961,9968,9969,9973,9978,9984,9986,9988,9989,9990
818,9991,9992,9993,9996,9997,9998,10002,10004
819,10005,10008,10009,10013,10015,10017,10019,10020
820,10021
821,10022
822,10023,10024,10025,10026
823,10027,10030,10031,10033,10038,10039,10040,10041,10042,10044
824,10050,10051,10056,10058
825,10073,10074,10094,10102,10108,10130
826,10135,10136,10139,10140,10141,10144,10145,10147,10148
827,10149,10156,10158,10162
828,10165
829,10166
830,10167,10170
831,10171,10178,10181,10186,10187
832,10194,10195,10196,10197,10198,10199,10200,10201,10202,10203,10204,10205,10206,10208,10209,10210,10211,10213,10214,10215
833,10217,10225,10227,10228,10229,10231,10232,10239,10240,10242,10246,10247,10248,10249,10254,10257,10259,10262,10265,10266,10267,10274,10275,10276,10277,10278
834,10279,10282,10283,10285,10286,10287,10288,10291
835,10293,10297,10302,10303,10305
836,10309
837,10310
838,10311,10313
839,10315,10327
840,10338
841,10361,10379,10395,10406,10416
842,10423,10431
843,10437,10438,10440,10441,10442,10443,10444,10446,10447,10449
844,10453
845,10454
846,10455,10456,10458
847,10459,10460,10472,10473,10475,10477,10478,10479
848,10482,10483,10484,10485,10487,10490,10491,10492,10493,10494,10495,10496,10497,10499,10500,10501,10502,10504
849,10505,10506,10507,10509,10510,10511,10512,10514,10516,10518,10519,10520,10522,10523,10524,10525,10526,10527,10528,10531,10532,10533,10534,10535,10536,10537,10538,10539,10540,10541,10543,10544,10545,10550,10552,10554,10555,10556,10558,10560,10562,10565
850,10567,10568,10569,10570,10571,10573,10575,10577,10578,10580
851,10581,10587,10588,10589,10591
852,10597
853,10598
854,10599,10600,10601,10602
855,10603,10604,10606,10607,10608,10609,10610,10611,10612,10613,10614,10615,10619,10620,10622,10623,10624,10625
856,10626,10629,10630,10632,10635,10636,10637,10638,10639,10640,10641,10642,10643,10645,10646,10647
857,10649,10651,10659,10665,10668,10674,10687,10689,10690,10701,10702
858,10711,10712,10713,10714,10715,10716,10717,10718,10719,10721,10722,10723,10724
859,10725,10726,10727,10732,10733,10734,10735,10736,10737,10739
860,10741
861,10742
862,10743,10744,10745
863,10747,10748,10749,10752,10753,10755,10756,10759,10760,10761,10763,10764,10765,10766,10767,10768,10769
864,10770,10771,10772,10773,10774,10775,10776,10777,10778,10779,10780,10781,10782,10783,10784,10785,10786,10787,10788,10789,10790,10791
865,10793,10796,10805,10817,10818,10834
866,10855,10860
867,10869,10871,10875
868,10885
869,10886
870,10887,10888
871,10891,10892,10894,10896,10897,10898,10899,10900,10901,10902,10903,10904,10907,10908,10909,10910,10911,10913
872,10914,10927,10929,10930,10931,10932,10933
873,10937,10938,10939,10940,10941,10942,10943,10944,10945,10946,10947,10948,10949,10950,10951,10952,10953,10954,10955,10956,10957,10958,10959,10960,10961,10962,10963,10964,10965,10966,10967,10968,10969,10970,10971,10972,10973,10974,10975,10976,10977,10978,10979,10980,10981,10982,10983,10984,10985,10986,10987,10988,10989,10990,10991,10992,10993,10994,10995,10996,10997,10998
874,10999,11000,11001,11002,11003,11004,11005,11006,11007,11008,11009,11010,11011,11012
875,11013,11015,11016,11018,11019,11022,11023,11025,11027,11028
876,11029
877,11030
878,11031,11033,11034
879,11035,11036,11040,11041,11046,11050,11051,11055
880,11058,11064
881,11081,11093,11102,11105,11108,11112,11113,11114,11119,11133
882,11143,11155
883,11157,11163,11170
884,11173
885,11174
886,11175
887,11179,11182,11187,11189,11197,11198,11199,11201
888,11202,11203,11208,11210,11212,11215,11216,11217,11220,11222
889,11225,11226,11230,11231,11232,11233,11234,11235,11236,11237,11240,11242,11243,11244,11245,11247,11248,11249,11252,11253,11254,11255,11256,11257,11258,11260,11261,11262,11263,11264,11265,11267,11269,11270,11271,11272,11274,11275,11276,11277,11278,11280,11282,11283,11285,11286
890,11287,11288,11289,11296,11298
891,11301
892,11317
893,11318
894,11319,11320,11321,11322
895,11323,11336,11337,11338,11339
896,11346,11347,11348,11349,11350,11351,11352,11353,11354,11355,11356,11357,11358,11359,11361,11362,11363,11364,11365,11366,11367,11368
897,11369,11374,11375,11377,11378,11383,11384,11386,11389,11391,11398,11402,11404,11408,11411,11412,11413,11416,11420,11423,11425,11428,11430
898,11431,11439,11440
899,11445,11446,11447,11448,11449,11450,11451,11452,11453,11454,11455,11456,11457,11458,11459,11460
900,11461
901,11462
902,11463,11464
903,11467,11472,11473,11474,11478,11480,11482,11485,11486
904,11490,11496,11501,11503,11504,11505,11508,11510
905,11513,11517,11519,11522,11526,11527,11528,11529,11532,11533,11534,11535,11537,11538,11539,11543,11549,11550,11551,11552,11554,11558,11559,11560,11561,11564,11566,11568,11569,11571,11574
906,11575,11579,11582,11586,11587
907,11589,11590,11591,11593,11595,11596,11597,11598,11599,11601,11602,11603
908,11605
909,11606
910,11607,11608,11609,11610
911,11611,11613,11616,11618,11620,11621,11622,11623,11624,11625,11626,11627,11630,11632,11633
912,11634,11636,11637,11638,11639,11641,11642,11644,11646,11648,11649,11650,11651,11653,11654,11655,11656
913,11657,11661,11664,11665,11667,11670,11673,11674,11675,11676,11677,11678,11683,11690,11695,11698,11700,11701,11704,11711,11712,11714,11716,11717,11718
914,11719,11729
915,11733,11734,11736,11737,11740,11741,11743,11744,11745,11746,11747
916,11749
917,11750
918,11751
919,11755,11758,11759,11760,11761,11763,11764,11765,11768,11769,11771,11772,11773,11774,11775,11776,11777
920,11778,11779,11780,11781,11785,11786,11800
921,11801,11802,11803,11804,11805,11806,11807,11808,11809,11810,11811,11812,11813,11814,11815,11816,11817,11819,11820,11821,11822,11823,11824,11825,11826,11827,11828,11829,11830,11831,11832,11833,11834,11835,11836,11837,11838,11839,11840,11841,11842,11843,11844,11845,11846,11847,11848,11849,11850,11851,11852,11853,11854,11855,11856,11857,11858,11859,11860,11861,11862
922,11863,11864,11865,11866,11867,11868,11869,11870,11872,11873,11874
923,11877,11878,11879,11880,11881,11882,11883,11884,11885,11886,11887,11888,11889,11890,11891,11892
924,11893
925,11894
926,11895,11896
927,11899,11900,11901,11902,11903,11905,11906,11907,11908,11911,11912,11913,11914,11916,11917,11918,11919,11920,11921
928,11922,11923,11925,11926,11930,11932,11935,11942
929,11945,11970,11971,11976,11986
930,12007,12010,12011,12014,12016,12019
931,12021,12022,12023,12024,12025,12026,12027,12028,12029,12030,12031,12032,12033,12035,12036
932,12037
933,12038
934,12039,12041
935,12043,12044,12046,12047,12048,12049,12052,12054,12057,12059,12060,12062,12063
936,12066,12068,12070,12071,12072,12073,12075,12076,12077,12078,12079,12081,12082,12084,12086,12088
937,12089,12090,12091,12092,12093,12094,12095,12096,12097,12098,12099,12101,12102,12105,12108,12109,12110,12111,12112,12113,12115,12116,12117,12119,12120,12122,12126,12127,12129,12131,12132,12135,12137,12138,12139,12140,12141,12142,12143,12144,12145,12147,12148,12149
938,12151,12153,12155,12156,12158,12159,12161,12162
939,12165,12166,12167,12168,12169,12170,12171,12172,12173,12174,12175,12177,12178,12180
940,12181
941,12182
942,12183,12186
943,12187,12191
944,12210,12211,12212,12213,12214,12215,12216,12217,12218,12219,12224,12225,12226,12230,12232
945,12233,12240,12253,12254,12255,12261,12270,12275,12278,12281,12289,12290
946,12295,12296,12305,12307,12308
947,12309,12310,12312,12321
948,12325
949,12326
950,12327
951,12331,12336,12338,12339,12340,12344,12345,12346,12347,12348,12353
952,12354,12355,12356,12364,12365,12366,12369,12370
953,12377,12378,12379,12380,12381,12383,12384,12386,12387,12388,12395,12397,12398,12400,12401,12402,12403,12406,12407,12408,12409,12410,12411,12412,12413,12414,12415,12417,12418,12419,12421,12422,12426,12427,12428,12430,12432,12435,12436
954,12439,12440,12441,12442,12443,12445,12447,12449,12450,12451,12452
955,12453,12457,12458,12462,12463,12464,12466
956,12469
957,12470
958,12471,12473,12474
959,12475,12476,12477,12479,12481,12482,12483,12487,12488,12489,12490,12491,12492,12493,12494,12496
960,12498,12506,12510,12512,12514,12515,12516
961,12521,12522,12526
962,12583,12585,12587,12589,12591,12596
963,12597,12598,12599,12600,12601,12602,12603,12604,12605,12606,12607,12608,12609,12610,12611
964,12613
965,12614
966,12615,12616
967,12619,12621,12622,12623,12624,12626,12627,12628,12629,12630,12632,12633,12634,12635,12636,12637,12641
968,12642,12643,12645,12647,12649,12659,12661
969,12665,12666,12673,12674,12675,12677,12678,12680,12681,12684,12688,12690,12691,12693,12696,12704,12705,12707,12710,12713,12716,12718,12724,12725
970,12727,12728,12729,12730,12731,12732,12733,12734,12735,12736,12738,12739,12740
971,12741,12742,12743,12744,12745,12746,12750,12752,12754,12755
972,12757
973,12758
974,12759,12762
975,12763,12764,12765,12766,12767,12768,12769,12770,12772,12773,12775,12776,12777,12778,12779,12780,12781,12782,12783,12784,12785
976,12786,12787,12788,12791,12793,12794,12796,12797,12798,12799,12800,12801,12805,12806,12807
977,12809,12810,12811,12812,12817,12821,12822,12829,12831,12833,12834,12836,12839,12841,12843,12844,12845,12846,12848,12849,12850,12852,12855,12856,12857,12859,12860,12861,12862,12865,12869,12870
978,12871,12872,12873,12874,12875,12877,12878,12879,12880,12881,12882,12883
979,12885,12886,12887,12888,12889,12890,12891,12892,12893,12894,12895,12896,12897,12898,12899,12900
980,12901
981,12902
982,12903,12906
983,12907,12910,12916,12918,12928
984,12930,12931,12933,12934,12937,12939,12941,12943,12944,12946,12949,12950,12952
985,12953,12956,12964,12969,12972,12974,12976,12977,12979,12981,12986,12987,12988,12991,12992,12994,12995,12996,12998,13001,13003,13007,13008
986,13015,13016,13019,13020,13022,13025,13026,13027,13028
987,13029,13032,13033,13034,13035,13037,13038,13040,13043
988,13045
989,13046
990,13047,13048,13049
991,13051,13052,13053,13054,13055,13056,13059,13061,13062,13063,13065,13066,13067,13068,13069,13070,13071,13072,13073
992,13074,13075,13076,13077,13078,13079,13080,13081,13082,13083,13085,13086,13087,13088,13090,13091,13092,13093,13094,13095,13096
993,13097,13099,13100,13102,13104,13106,13107,13108,13110,13113,13115,13118,13122,13126,13131,13132,13138,13139,13148,13154,13155,13158
994,13159,13160,13161,13169,13170,13171
995,13173,13182,13186
996,13189
997,13190
998,13191,13192,13193,13194
999,13195,13196,13197,13198,13199,13200,13201,13202,13203,13204,13205,13207,13208,13209,13210,13211,13212,13213,13214,13215,13216,13217
1000,13218,13219,13220,13221,13223,13224,13225,13226,13227,13228,13229,13230,13231,13232,13233,13234,13235,13236,13237,13239,13240
1001,13241,13243,13247,13249,13250,13251,13257,13259,13262,13263,13264,13265,13267,13269,13276,13278,13279,13287,13290,13294,13297,13302
1002,13303,13306,13307,13308,13309,13310,13311,13312,13313,13314,13316
1003,13317,13320,13323,13330,13331
1004,13333
1005,13334
1006,13335,13338
1007,13339,13344,13350,13352,13358,13359
1008,13362,13364,13374,13377,13378,13382
1009,13385,13391,13402,13410,13415,13417,13419,13424,13439,13441,13442,13446
1010,13447,13455
1011,13461,13463,13466,13470
1012,13477
1013,13478
1014,13479,13480
1015,13483,13485,13487,13501
1016,13506,13507,13508,13509,13510,13511,13512,13513,13514,13515,13519,13521,13522,13524,13525,13526,13527,13528
1017,13529,13531,13534,13536,13537,13541,13542,13560,13562,13576,13577,13578,13582,13588,13589
1018,13591,13592,13594,13595,13596,13597
1019,13605,13606,13607,13608,13609,13610,13613,13615,13616,13617,13618,13619,13620
1020,13621
1021,13622
1022,13623,13626
1023,13627,13629,13630,13631,13632,13634,13635,13639,13640,13644
1024,13650,13651,13655,13656,13659,13662,13663,13664,13666,13668
1025,13673,13674,13675,13677,13678,13680,13681,13682,13683,13685,13687,13688,13689,13690,13694,13695,13696,13697,13698,13699,13700,13701,13702,13703,13705,13706,13707,13708,13709,13710,13711,13713,13714,13715,13716,13718,13719,13720,13721,13723,13724,13725,13726,13727,13728,13729,13730,13732,13734
1026,13735,13739,13740,13747
1027,13749,13750,13752,13757,13762
1028,13765
1029,13766
1030,13767,13769
1031,13771,13773,13784,13791
1032,13794,13795,13797,13798,13799,13802,13803,13804,13805,13806,13807,13808,13809,13810,13811,13812,13813,13814,13815,13816
1033,13817,13818,13819,13825,13832,13833,13836,13843,13849,13850,13853,13857,13859,13861,13863,13865,13866,13877
1034,13879,13885,13886,13889
1035,13893,13894,13896,13897,13898,13899,13900,13901,13902,13903,13904,13905,13906,13907,13908
1036,13909
1037,13910
1038,13911,13913
1039,13915,13922,13930,13934
1040,13938,13939
1041,13961,13962,13968,13978,13979,13985,13993,13995,13996,13999,14000,14001,14002,14003,14005,14007,14017,14020,14021
1042,14023,14032
1043,14037,14047
1044,14053
1045,14054
1046,14055,14056
1047,14059,14061,14062,14063,14064,14065,14066,14067,14070,14071,14072,14073,14074,14075,14077,14078,14079,14080,14081
1048,14082,14083,14085,14090,14095,14098,14099,14103
1049,14105,14106,14107,14108,14110,14111,14112,14113,14114,14115,14116,14117,14118,14119,14120,14121,14122,14123,14124,14125,14126,14127,14128,14129,14130,14131,14132,14133,14134,14135,14136,14137,14138,14139,14140,14141,14142,14143,14144,14146,14147,14149,14150,14151,14152,14153,14156,14157,14158,14159,14161,14162,14163,14165,14166
1050,14167,14168,14169,14170,14171,14172,14173,14174,14175,14176,14177,14178,14179,14180
1051,14181,14184,14194,14196
1052,14197
1053,14198
1054,14199,14200,14201
1055,14203,14205,14206,14207,14209,14210,14211,14212,14214,14215,14220,14221,14223,14225
1056,14226,14227,14228,14229,14230,14231,14232,14233,14234,14235,14236,14237,14240,14241,14242,14243,14244,14246,14247,14248
1057,14249,14250,14251,14252,14255,14257,14258,14259,14260,14261,14263,14264,14266,14267,14268,14269,14270,14271,14277,14279,14280,14282,14283,14284,14286,14287,14288,14290,14292,14293,14294,14295,14296,14297,14298,14299,14302,14303,14304,14305,14306,14308,14310
1058,14311,14313,14316,14317,14321,14324
1059,14325,14326,14327,14329,14332,14334,14338,14339
1060,14341
1061,14342
1062,14343,14344,14345
1063,14347,14353,14355,14357,14362,14365,14367,14368
1064,14370,14372,14375,14380,14382,14386
1065,14393,14394,14398,14399,14401,14402,14405,14407,14409,14411,14413,14414,14415,14417,14418,14419,14420,14422,14424,14427,14428,14429,14431,14433,14435,14437,14438,14440,14446,14447,14451,14452,14453,14454
1066,14455,14459,14460,14463,14465,14467,14468
1067,14469,14470,14473,14474,14477,14478,14482,14483
1068,14485
1069,14486
1070,14487,14490
1071,14491,14492,14493,14499,14501,14503,14504,14505,14506,14507,14508,14509,14510,14511,14512,14513
1072,14514,14516,14517,14519,14520,14521,14523,14525,14526,14527,14536
1073,14537,14541,14548,14555,14558,14559,14560,14562,14578,14581,14587,14590,14591,14595
1074,14599,14601,14602,14604,14605,14606,14607,14608,14611
1075,14613,14614,14617,14620,14622,14625
1076,14629
1077,14630
1078,14631,14633,14634
1079,14635,14636,14637,14638,14639,14640,14641,14642,14643,14644,14645,14646,14647,14648,14649,14650,14651,14652,14653,14654,14655,14656,14657
1080,14658,14659,14662,14669,14672
1081,14681,14683,14685,14687,14689,14693,14694,14696,14698,14699,14700,14703,14706,14709,14712,14716,14720,14721,14723,14725,14726,14728,14730,14731,14733,14734,14735,14736,14739,14740,14741
1082,14743,14744,14745,14746,14747,14748,14749,14750,14753,14755
1083,14757,14760,14761,14763,14765,14767,14768,14769,14770
1084,14773
1085,14774
1086,14775,14776,14777,14778
1087,14779,14781,14782,14783,14785,14786,14787,14789,14791,14792,14796,14799
1088,14802,14803,14804,14805,14808,14809,14811,14812,14815,14817,14822,14823,14824
1089,14825,14826,14827,14828,14829,14834,14836,14838,14843,14846,14853,14854,14855,14856,14857,14858,14859,14860,14863,14868,14872,14873,14874,14875,14876,14877,14880,14881,14884,14885
1090,14887,14889,14890,14891,14892,14894,14895,14896,14897,14898,14899
1091,14901,14902,14903,14904,14905,14906,14907,14908,14909,14910,14911,14912,14913,14914,14915,14916
1092,14917
1093,14918
1094,14919,14920,14921,14922
1095,14923,14924,14925,14926,14930,14943,14944
1096,14946,14953,14960,14964,14968
1097,14969,14971,14973,14974,14979,14983,14985,14992,14997,14999,15000,15005,15006,15008,15010,15012,15017,15019,15029,15030
1098,15031,15032,15033,15034,15035,15036,15037,15038,15039,15040,15041,15042,15043,15044
1099,15045,15046,15047,15048,15049,15050,15052,15053,15057,15058,15059,15060
1100,15061
1101,15062
1102,15063,15064
1103,15067,15068,15069,15070,15071,15072,15073,15074,15075,15076,15077,15078,15079,15080,15081,15082,15083,15084,15085,15086,15087,15088,15089
1104,15090,15092,15093,15094,15095,15096,15097,15098,15099,15100,15101,15102,15103,15104,15105,15106,15107,15108,15109,15110,15111,15112
1105,15113,15114,15115,15116,15117,15118,15119,15120,15121,15123,15125,15127,15128,15129,15130,15131,15132,15134,15135,15136,15137,15140,15141,15142,15143,15144,15145,15147,15150,15151,15152,15153,15154,15155,15156,15157,15158,15159,15160,15162,15164,15166,15167,15168,15169,15170,15172,15173,15174
1106,15175,15176,15177,15178,15179,15180,15181,15182,15183,15185,15186,15188
1107,15189,15190,15191,15192,15193,15194,15195,15196,15197,15198,15200,15201,15202,15203,15204
1108,15205
1109,15206
1110,15207,15210
1111,15211,15214,15217,15230,15232
1112,15234,15235,15237,15238,15239,15240,15243,15248,15249,15251,15252,15254,15256
1113,15257,15269,15296,15308,15317
1114,15319,15321,15322,15323,15330,15331
1115,15333,15335,15340,15341,15342,15347
1116,15349
1117,15350
1118,15351,15352,15353,15354
1119,15355,15356,15359,15362,15369
1120,15378,15380,15381,15382,15387,15389,15390,15391,15394,15395,15396,15397
1121,15401,15402,15403,15404,15405,15406,15407,15408,15409,15410,15411,15412,15413,15414,15415,15418,15419,15420,15421,15422,15423,15424,15425,15426,15427,15428,15429,15430,15431,15432,15433,15434,15435,15436,15437,15438,15439,15440,15441,15442,15443,15444,15445,15446,15447,15448,15450,15452,15454,15455,15456,15457,15458,15459,15460,15461,15462
1122,15463,15467
1123,15477,15478,15479,15480,15481,15482,15483,15484,15485,15486,15487,15488,15489,15490,15491,15492
1124,15493
1125,15494
1126,15495,15497,15498
1127,15499,15501,15503,15510,15513,15514,15518,15519
1128,15522,15523,15527,15533,15537,15538,15540,15543
1129,15545,15546,15551,15554,15558,15559,15561,15563,15569,15572,15573,15574,15575,15577,15580,15586,15587,15588,15590,15591,15592,15594,15595,15597,15598,15599,15602,15603,15605
1130,15607,15613,15617
1131,15621,15622,15623,15624,15625,15626,15627,15628,15629,15631,15632,15633,15634,15635,15636
1132,15637
1133,15638
1134,15639,15642
1135,15643,15645,15646,15648,15655,15657,15659
1136,15666,15667,15670,15673,15675,15676,15677,15678,15679,15681,15682,15683,15684,15686,15687,15688
1137,15689,15690,15700,15703,15705,15708,15713,15716,15721,15723,15726,15727,15728,15735,15744,15747
1138,15751,15752,15754,15755,15756,15758,15761,15762,15763
1139,15765,15774,15775,15777,15780
1140,15781
1141,15782
1142,15783,15784,15785,15786
1143,15787,15788,15789,15790,15791,15792,15793,15794,15795,15797,15798,15799,15800,15801,15802,15803,15804,15805,15806,15807,15808
1144,15810,15814,15816,15819,15820,15821,15823,15825,15827,15832
1145,15833,15835,15837,15838,15839,15840,15842,15843,15844,15846,15847,15848,15853,15855,15856,15858,15859,15860,15861,15863,15864,15865,15868,15869,15872,15873,15875,15876,15878,15879,15880,15881,15883,15884,15885,15887,15890,15893,15894
1146,15895,15896,15897
1147,15909,15911,15912,15917,15922
1148,15925
1149,15926
1150,15927,15928,15929,15930
1151,15931,15951
1152,15954,15955,15956,15957,15958,15959,15960,15962,15964,15965,15966,15967,15968,15969,15971,15972,15974,15975,15976
1153,15977,15984,16013,16029,16037
1154,16039,16040,16041,16042,16043,16044,16045,16046,16047,16048,16049,16050,16051
1155,16053,16059
1156,16069
1157,16070
1158,16071
1159,16075,16076,16077,16079,16080,16081,16082,16084,16085,16087,16088,16090,16093,16094,16095,16096,16097
1160,16098,16099,16101,16102,16103,16104,16107,16110,16112,16113,16114,16115,16116,16117,16119,16120
1161,16121,16122,16124,16126,16129,16132,16136,16138,16151,16154,16156,16158,16176,16177,16181,16182
1162,16183,16184,16185,16186,16188,16189,16190,16192,16193,16194,16196
1163,16197,16198,16200,16201,16202,16204,16206,16207,16208,16209,16211
1164,16213
1165,16214
1166,16215,16216,16217,16218
1167,16219,16220,16221,16222,16223,16224,16225,16226,16227,16228,16229,16230,16231,16232,16233,16234,16235,16236,16238,16239,16240,16241
1168,16242,16248,16253,16256
1169,16265,16266,16267,16268,16269,16270,16274,16275,16276,16277,16279,16280,16281,16286,16287,16288,16289,16290,16291,16293,16294,16296,16297,16302,16303,16304,16306,16307,16308,16310,16312,16314,16315,16316,16318,16319,16322,16323,16324,16325,16326
1170,16327,16328,16329,16330,16334,16336,16338,16339,16340
1171,16341,16346,16348,16349,16351,16352,16353,16354
1172,16357
1173,16358
1174,16359,16360
1175,16363,16364,16365,16366,16367,16368,16369,16370,16371,16372,16377,16380,16381,16382,16383
1176,16386,16388,16390,16392,16394,16398,16399,16400,16401,16402,16403,16405
1177,16409,16410,16411,16412,16413,16416,16417,16418,16420,16424,16425,16427,16428,16429,16430,16433,16436,16437,16438,16439,16443,16444,16445,16446,16449,16450,16451,16452,16453,16454,16455,16456,16458,16460,16462,16463,16465,16466,16467,16468,16470
1178,16471,16472,16473,16475,16477,16479,16480,16482,16483,16484
1179,16485,16486,16490,16491,16496,16498,16500
1180,16501
1181,16502
1182,16503,16504,16505,16506
1183,16507,16508,16509,16510,16511,16512,16514,16515,16516,16517,16519,16520,16521,16522,16523,16525,16526,16528,16529
1184,16530,16541,16547,16550
1185,16553,16554,16556,16557,16558,16559,16563,16564,16565,16566,16567,16569,16570,16572,16573,16574,16575,16576,16577,16578,16579,16581,16583,16584,16585,16586,16587,16588,16589,16590,16592,16593,16595,16596,16597,16598,16599,16601,16602,16603,16604,16605,16606,16607,16608,16609,16610,16611,16613,16614
1186,16615,16616,16617,16619,16620,16624,16627
1187,16629,16630,16631,16633,16635,16637,16638,16639,16640,16641,16643,16644
1188,16645
1189,16646
1190,16647,16648,16649,16650
1191,16651,16652,16654,16655,16656,16657,16658,16659,16660,16661,16663,16664,16665,16666,16667,16668,16670,16672,16673
1192,16674,16681,16682,16683,16689,16693,16696
1193,16697,16698,16699,16700,16701,16702,16703,16707,16708,16709,16710,16711,16712,16713,16714,16716,16717,16718,16720,16721,16722,16724,16725,16726,16727,16728,16729,16730,16731,16732,16733,16734,16736,16737,16738,16740,16741,16744,16745,16746,16747,16749,16750,16751,16752,16753,16754,16755,16756,16757,16758
1194,16759,16762,16763,16769,16771
1195,16773,16777,16778,16780,16781,16782,16784,16785,16787,16788
1196,16789
1197,16790
1198,16791,16792,16793,16794
1199,16795,16799,16804,16810,16813,16814
1200,16818,16819,16827,16832,16833,16834,16837,16838
1201,16841,16842,16844,16845,16847,16850,16851,16853,16854,16858,16859,16862,16865,16866,16868,16870,16871,16873,16874,16875,16877,16879,16880,16881,16884,16885,16886,16888,16889,16890,16892,16893,16894,16895,16899,16901
1202,16903,16905,16907,16908,16913,16914,16916
1203,16917,16918,16920,16924,16926,16929,16930
1204,16933
1205,16934
1206,16935,16936,16937,16938
1207,16939,16955
1208,16962,16963,16964,16966,16967,16968,16969,16972,16973,16975,16976,16977,16978,16979,16980,16981,16982,16983,16984
1209,16985,17022
1210,17047,17050
1211,17061,17062,17064,17065,17066,17067,17068,17069,17070,17072,17073,17074,17075,17076
1212,17077
1213,17078
1214,17079,17080
1215,17083,17084,17085,17086,17087,17088,17089,17090,17091,17092,17093,17094,17096,17097,17098,17099,17101,17102,17103,17104,17105
1216,17106,17128
1217,17129,17131,17132,17133,17135,17136,17137,17138,17139,17140,17146,17150,17151,17153,17154,17155,17156,17157,17159,17160,17162,17163,17165,17166,17171,17172,17174,17176,17178,17179,17180,17182,17183,17184,17185,17187,17189,17190
1218,17191,17192,17193,17194,17195,17196,17197,17199,17200,17201,17202,17204
1219,17205,17206,17207,17208,17209,17212,17214,17219
1220,17221
1221,17222
1222,17223,17224,17225,17226
1223,17227,17234,17243,17245,17248
1224,17250,17251,17252,17253,17255,17258,17263,17266,17269,17272
1225,17273,17274,17275,17276,17277,17279,17280,17281,17282,17285,17286,17288,17289,17290,17291,17292,17293,17295,17296,17297,17299,17300,17301,17302,17304,17305,17306,17307,17308,17309,17310,17311,17312,17313,17314,17315,17317,17318,17319,17320,17321,17322,17323,17324,17325,17326,17327,17328,17329,17330,17331,17332,17333,17334
1226,17335,17336,17337,17338,17339,17340,17341,17343,17344,17346,17347,17348
1227,17349,17350,17351,17352,17353,17354,17355,17356,17357,17358,17359,17360,17361,17362,17363,17364
1228,17365
1229,17366
1230,17367,17368
1231,17371,17372,17374,17376,17380,17381,17383,17384,17389
1232,17394,17395,17397,17398,17400,17401,17403,17405,17406,17407,17408,17410,17411,17412,17414
1233,17417,17418,17419,17420,17421,17422,17423,17424,17426,17427,17429,17432,17434,17437,17438,17439,17441,17442,17447,17448,17450,17451,17452,17453,17454,17455,17457,17458,17459,17461,17462,17464,17465,17466,17468,17469,17472,17473,17474,17475,17476,17477,17478
1234,17479,17481,17482,17484,17486,17488
1235,17493,17495,17496,17497,17498,17499,17501,17502,17504,17508
1236,17509
1237,17510
1238,17511,17512,17513,17514
1239,17515,17516,17517,17518,17522,17524,17525,17526,17527,17529,17530,17531,17532,17534,17535,17536,17537
1240,17538,17539,17543,17545
1241,17561,17562,17565,17567,17573,17578,17581,17582,17585,17586,17590,17591,17598,17602,17605,17608,17609,17611,17618,17620
1242,17623,17624,17625,17626,17627,17628,17630,17631,17633,17635,17636
1243,17637,17639,17641,17644,17649,17651
1244,17653
1245,17654
1246,17655,17657,17658
1247,17659,17661,17662,17663,17665,17667,17668,17669,17670,17672,17673,17674,17675,17676,17677,17678
1248,17682,17684,17686
1249,17705,17717,17718,17722,17741,17747,17753,17761,17764
1250,17767,17770,17772
1251,17781,17784,17785,17787,17788,17790,17793,17795,17796
1252,17797
1253,17798
1254,17799,17800,17801,17802
1255,17803,17804,17806,17808,17809,17810,17811,17813,17815,17816,17817,17818,17819,17820,17821,17823,17824
1256,17826,17828,17830,17831,17832,17834,17835,17837,17838,17839,17840,17841,17843,17845,17846,17847
1257,17849,17857,17858,17859,17860,17862,17866,17876,17877,17878,17881,17882,17883,17886,17893,17894,17895,17896,17899,17900,17902,17905,17906
1258,17911,17912,17913,17918,17920,17923
1259,17925,17927,17928,17929,17931,17932,17933,17934,17935,17936,17938,17939,17940
1260,17941
1261,17942
1262,17943,17944,17945,17946
1263,17947,17948,17950,17955,17960,17962,17965,17969
1264,17970,17971,17972,17973,17974,17975,17976,17977,17978,17979,17980,17981,17982,17983,17984,17985,17986,17987,17988,17989,17990,17991,17992
1265,17993,17994,17995,17997,17998,17999,18000,18001,18002,18004,18006,18007,18008,18010,18012,18013,18015,18017,18018,18021,18024,18026,18027,18028,18029,18031,18033,18034,18035,18037,18039,18040,18041,18043,18046,18047,18050,18051
1266,18055,18056,18057,18058,18060,18062,18064,18067,18068
1267,18069,18072,18073,18075,18076,18077,18081,18082,18083
1268,18085
1269,18086
1270,18087,18088,18090
1271,18091,18093,18096,18097,18098,18101,18104,18108,18109,18113
1272,18114,18115,18116,18117,18118,18120,18121,18122,18123,18124,18125,18126,18128,18129,18130,18131,18133,18134,18135
1273,18137,18151,18164,18171,18176,18181,18196
1274,18199,18201,18203,18204,18205,18206,18207,18208,18209,18210,18212
1275,18213,18214,18215,18216,18217,18218,18219,18220,18221,18222,18223,18224,18226,18227
